(-0.707, -1.43, -1.0)		-1.0
(-2.1, -0.604, 1.0)		1.0
(0.721, 0.731, -1.0)		-1.0
(-0.234, -0.974, -1.0)		-1.0
(1.26, 0.462, -1.0)		-1.0
(-0.527, 0.887, -1.0)		-1.0
(1.03, 0.805, -1.0)		-1.0
(0.276, -0.218, 1.0)		1.0
(-1.07, -0.039, 1.0)		1.0
(1.35, -1.51, 1.0)		1.0
(0.507, 1.02, -1.0)		-1.0
(0.306, -1.13, -1.0)		-1.0
(-1.21, -0.392, 1.0)		1.0
(-0.793, 0.905, 1.0)		-1.0
(0.204, -1.29, -1.0)		-1.0
(1.39, -0.631, 1.0)		1.0
(-0.218, -1.63, -1.0)		-1.0
(-1.34, 0.626, -1.0)		-1.0
(-0.35, 2.07, -1.0)		-1.0
(0.021, -0.905, -1.0)		-1.0
(-0.614, -1.22, -1.0)		-1.0
(0.753, 0.781, -1.0)		-1.0
(1.23, 0.0999, 1.0)		-1.0
(0.445, 0.0484, 1.0)		1.0
(-0.959, 1.07, -1.0)		-1.0
(-0.204, -0.181, 1.0)		1.0
(-2.18, -1.88, 1.0)		1.0
(-0.474, 0.264, 1.0)		1.0
(0.904, 1.15, -1.0)		-1.0
(-0.876, 0.92, -1.0)		-1.0
(1.1, -0.313, 1.0)		1.0
(1.26, -1.03, 1.0)		1.0
(0.961, -1.33, 1.0)		1.0
(-0.224, -1.02, -1.0)		-1.0
(-0.558, -1.73, -1.0)		-1.0
(-0.18, -0.639, -1.0)		-1.0
(0.326, 0.00626, 1.0)		1.0
(0.279, 0.149, 1.0)		1.0
(-1.43, 0.0281, 1.0)		1.0
(0.449, -0.0489, 1.0)		1.0
(0.465, 0.842, -1.0)		-1.0
(-0.49, 1.25, -1.0)		-1.0
(0.368, -0.856, -1.0)		-1.0
(-0.0242, -1.28, -1.0)		-1.0
(0.42, 2.1, -1.0)		-1.0
(-1.09, -0.463, 1.0)		1.0
(-0.391, -0.547, 1.0)		1.0
(0.703, -0.583, 1.0)		1.0
(-1.3, 0.469, -1.0)		-1.0
(-1.44, -0.505, 1.0)		1.0
(1.01, 0.865, -1.0)		-1.0
(1.55, -0.649, -1.0)		-1.0
(0.447, -1.18, -1.0)		-1.0
(-0.0433, 0.605, 1.0)		1.0
(-1.56, -0.329, 1.0)		1.0
(-1.37, 0.808, -1.0)		-1.0
(-0.448, -0.354, 1.0)		1.0
(1.53, 0.368, -1.0)		-1.0
(-0.672, 1.35, -1.0)		-1.0
(0.883, 0.598, -1.0)		-1.0
(0.491, 0.194, 1.0)		1.0
(-0.11, -1.21, -1.0)		-1.0
(-0.436, 1.86, -1.0)		-1.0
(0.924, 0.701, -1.0)		-1.0
(1.24, 0.908, -1.0)		-1.0
(-0.058, -0.904, -1.0)		-1.0
(0.195, -1.27, -1.0)		-1.0
(2.0, 1.28, 1.0)		1.0
(0.562, 0.172, 1.0)		1.0
(0.278, 0.383, 1.0)		1.0
(-0.711, 0.465, 1.0)		1.0
(-0.605, -1.52, -1.0)		-1.0
(1.39, 0.155, -1.0)		-1.0
(0.38, -1.35, -1.0)		-1.0
(-1.07, -0.709, 1.0)		1.0
(-0.958, 0.812, -1.0)		-1.0
(-0.296, 0.538, 1.0)		1.0
(0.952, 0.836, -1.0)		-1.0
(0.917, 0.231, -1.0)		-1.0
(-1.72, 0.142, 1.0)		1.0
(-1.52, -0.368, 1.0)		1.0
(-1.53, 0.257, -1.0)		-1.0
(1.38, -0.645, 1.0)		1.0
(0.102, -1.36, -1.0)		-1.0
(1.45, -1.25, 1.0)		1.0
(-1.12, 0.589, 1.0)		-1.0
(0.613, -0.0651, 1.0)		1.0
(2.44, -0.448, -1.0)		-1.0
(1.33, -1.71, 1.0)		1.0
(0.289, 1.01, -1.0)		-1.0
(-1.05, 0.219, 1.0)		1.0
(-0.405, -1.09, -1.0)		-1.0
(0.819, 0.546, -1.0)		-1.0
(1.58, -0.468, -1.0)		-1.0
(1.07, 1.53, -1.0)		1.0
(0.434, 0.295, 1.0)		1.0
(-0.385, -0.734, 1.0)		-1.0
(0.85, -0.829, 1.0)		1.0
(-0.901, -1.68, -1.0)		-1.0
(-0.0677, 1.74, -1.0)		-1.0
(0.244, 1.84, 1.0)		-1.0
(-1.84, -0.958, 1.0)		1.0
(1.21, 0.00827, -1.0)		-1.0
(-1.13, -1.06, -1.0)		-1.0
(0.0114, 1.66, -1.0)		-1.0
(1.89, -0.633, -1.0)		-1.0
(0.367, -0.451, 1.0)		1.0
(0.344, 0.908, -1.0)		-1.0
(-0.416, 0.246, 1.0)		1.0
(-0.716, -1.19, -1.0)		-1.0
(-1.07, -0.552, 1.0)		1.0
(-1.94, 0.832, -1.0)		-1.0
(0.21, 2.18, -1.0)		-1.0
(-0.932, -1.15, -1.0)		-1.0
(0.23, -1.15, -1.0)		-1.0
(1.55, 1.1, 1.0)		1.0
(0.497, 1.27, -1.0)		-1.0
(-0.599, 1.44, -1.0)		-1.0
(0.928, 1.45, 1.0)		1.0
(1.38, 1.25, 1.0)		1.0
(-0.866, -0.197, 1.0)		1.0
(-0.817, -0.783, -1.0)		-1.0
(0.221, 0.147, 1.0)		1.0
(-0.314, -0.919, -1.0)		-1.0
(0.802, 0.852, -1.0)		-1.0
(1.25, -1.38, 1.0)		1.0
(0.991, -1.1, 1.0)		1.0
(-0.927, -0.595, 1.0)		1.0
(0.517, 1.71, -1.0)		-1.0
(0.952, -0.782, 1.0)		1.0
(-0.215, -0.217, 1.0)		1.0
(-0.207, -1.37, -1.0)		-1.0
(-0.223, 1.65, 1.0)		-1.0
(-0.882, -0.726, -1.0)		1.0
(-0.747, -0.509, 1.0)		1.0
(1.27, -0.519, -1.0)		1.0
(0.009, 0.928, 1.0)		-1.0
(-1.17, 0.586, -1.0)		-1.0
(0.521, 0.56, 1.0)		-1.0
(-1.01, 0.768, -1.0)		-1.0
(0.605, 0.378, 1.0)		-1.0
(-0.582, -0.587, 1.0)		1.0
(0.125, -1.24, -1.0)		-1.0
(-0.471, -0.919, -1.0)		-1.0
(1.4, 0.541, -1.0)		-1.0
(1.49, -1.53, 1.0)		1.0
(0.459, 1.69, 1.0)		-1.0
(0.183, -1.16, -1.0)		-1.0
(-0.104, 0.48, 1.0)		1.0
(-0.0541, -1.31, -1.0)		-1.0
(0.728, 0.752, -1.0)		-1.0
(-1.13, 0.654, -1.0)		-1.0
(-0.265, 1.71, -1.0)		-1.0
(-1.96, -0.442, 1.0)		1.0
(0.675, 0.886, -1.0)		-1.0
(-1.76, -1.33, 1.0)		1.0
(-1.92, -1.17, 1.0)		1.0
(-1.42, -1.4, -1.0)		1.0
(-0.39, -1.01, -1.0)		-1.0
(-0.634, 1.21, -1.0)		-1.0
(-0.218, -1.05, -1.0)		-1.0
(0.332, -0.527, 1.0)		1.0
(0.171, -0.502, 1.0)		1.0
(-2.13, -1.85, 1.0)		1.0
(0.0273, -0.683, -1.0)		-1.0
(-0.0897, -0.115, 1.0)		1.0
(0.603, 1.8, 1.0)		1.0
(-0.0232, -1.24, -1.0)		-1.0
(-1.48, 0.944, -1.0)		-1.0
(-0.0127, -1.12, -1.0)		-1.0
(-0.587, 1.01, -1.0)		-1.0
(0.163, -1.13, -1.0)		-1.0
(0.93, 0.65, -1.0)		-1.0
(1.5, -0.0608, -1.0)		-1.0
(-0.0911, -0.0844, 1.0)		1.0
(1.64, -0.308, -1.0)		-1.0
(0.404, -1.1, -1.0)		-1.0
(1.37, 1.24, 1.0)		1.0
(-1.22, -0.107, 1.0)		1.0
(-0.642, -1.35, -1.0)		-1.0
(-0.181, -1.1, -1.0)		-1.0
(-0.218, -0.882, -1.0)		-1.0
(-0.683, 0.139, 1.0)		1.0
(-0.305, 1.18, -1.0)		-1.0
(-1.19, 0.814, -1.0)		-1.0
(-0.758, 0.794, -1.0)		-1.0
(0.811, 1.07, -1.0)		-1.0
(1.45, -1.03, 1.0)		1.0
(-0.169, -0.601, 1.0)		1.0
(0.462, 1.89, -1.0)		-1.0
(-1.89, -1.16, 1.0)		1.0
(-0.0199, -1.32, -1.0)		-1.0
(-0.396, -1.45, -1.0)		-1.0
(-1.08, 0.89, -1.0)		-1.0
(0.624, -0.285, 1.0)		1.0
(-0.177, 1.51, -1.0)		-1.0
(-0.437, -0.789, -1.0)		-1.0
(1.22, 1.48, 1.0)		1.0
(-0.961, 0.755, -1.0)		-1.0
(-1.64, 0.572, -1.0)		-1.0
(1.34, 0.274, -1.0)		-1.0
(1.16, -0.254, -1.0)		-1.0
(-0.38, -1.34, -1.0)		-1.0
(0.918, 1.72, 1.0)		1.0
(-1.14, -0.927, 1.0)		1.0
(-0.516, 1.46, -1.0)		-1.0
(0.188, 1.59, 1.0)		-1.0
(-1.51, -0.27, 1.0)		1.0
(1.21, 0.151, -1.0)		-1.0
(1.05, -1.11, 1.0)		1.0
(0.385, -1.07, 1.0)		-1.0
(-0.139, -0.363, 1.0)		1.0
(0.953, -1.3, 1.0)		1.0
(0.725, 1.33, -1.0)		-1.0
(0.0966, -1.06, -1.0)		-1.0
(-0.347, -1.15, -1.0)		-1.0
(-0.0605, 1.65, -1.0)		-1.0
(-1.88, -1.26, 1.0)		1.0
(0.484, -0.427, 1.0)		1.0
(-0.618, -0.506, 1.0)		1.0
(-0.121, -1.05, -1.0)		-1.0
(-0.169, -0.135, 1.0)		1.0
(-1.28, -0.542, 1.0)		1.0
(1.62, -0.131, -1.0)		-1.0
(-0.446, -1.53, -1.0)		-1.0
(1.16, -0.357, 1.0)		1.0
(0.298, -0.878, -1.0)		-1.0
(-1.46, 1.11, -1.0)		-1.0
(-0.764, 0.218, 1.0)		1.0
(0.901, -0.952, 1.0)		1.0
(0.955, 0.142, 1.0)		-1.0
(-1.12, -1.17, -1.0)		-1.0
(-0.0845, 1.15, -1.0)		-1.0
(-0.844, 0.371, 1.0)		1.0
(-1.43, 0.0911, 1.0)		1.0
(-0.978, -1.05, 1.0)		-1.0
(-0.899, -1.38, -1.0)		-1.0
(0.942, 1.83, 1.0)		1.0
(1.35, 0.677, -1.0)		-1.0
(-0.678, 1.6, -1.0)		-1.0
(-0.145, 1.65, -1.0)		-1.0
(1.35, -0.518, -1.0)		1.0
(-1.54, -0.598, 1.0)		1.0
(1.12, 1.14, -1.0)		-1.0
(-0.715, -1.49, -1.0)		-1.0
(-1.0, -0.885, -1.0)		-1.0
(-0.357, 1.51, -1.0)		-1.0
(-0.859, 1.26, -1.0)		-1.0
(0.8, 1.56, -1.0)		-1.0
(-1.53, 0.795, -1.0)		-1.0
(0.707, -0.778, 1.0)		1.0
(-1.62, 0.213, -1.0)		1.0
(-0.836, -1.36, -1.0)		-1.0
(-1.84, -0.284, 1.0)		1.0
(-0.685, 0.727, 1.0)		1.0
(0.875, -1.47, 1.0)		1.0
(-0.079, 0.227, 1.0)		1.0
(0.731, 1.74, 1.0)		1.0
(-1.15, -0.659, 1.0)		1.0
(-1.6, 0.788, -1.0)		-1.0
(-0.114, 0.846, 1.0)		1.0
(-1.14, 1.08, -1.0)		-1.0
(0.143, 0.845, -1.0)		-1.0
(0.678, 0.961, -1.0)		-1.0
(-0.397, 0.563, 1.0)		1.0
(-0.872, 0.663, -1.0)		-1.0
(-0.262, 1.71, 1.0)		-1.0
(-1.2, -1.4, -1.0)		-1.0
(1.08, 0.088, -1.0)		-1.0
(0.523, -1.38, -1.0)		-1.0
(1.23, -0.0874, -1.0)		-1.0
(1.13, -1.75, 1.0)		1.0
(-0.466, -0.851, -1.0)		-1.0
(-0.336, 0.182, 1.0)		1.0
(1.04, 0.0909, 1.0)		-1.0
(0.553, -0.172, 1.0)		1.0
(0.134, -1.06, -1.0)		-1.0
(-0.882, -0.608, 1.0)		1.0
(1.24, 0.441, -1.0)		-1.0
(-0.714, -1.65, -1.0)		-1.0
(0.547, 1.15, -1.0)		-1.0
(-1.47, 0.96, -1.0)		-1.0
(0.437, 2.35, -1.0)		-1.0
(-0.539, 0.292, 1.0)		1.0
(0.543, 0.913, -1.0)		-1.0
(-1.34, -1.05, 1.0)		1.0
(-0.326, 0.0769, 1.0)		1.0
(0.843, 0.634, -1.0)		-1.0
(0.452, -0.204, 1.0)		1.0
(0.974, 0.877, -1.0)		-1.0
(1.97, 0.041, -1.0)		-1.0
(0.554, -0.454, 1.0)		1.0
(-1.29, -0.264, 1.0)		1.0
(-1.18, -0.898, 1.0)		1.0
(1.08, 1.37, 1.0)		1.0
(-1.04, -1.07, -1.0)		-1.0
(-0.325, 0.969, 1.0)		-1.0
(0.72, 0.677, -1.0)		-1.0
(0.803, 0.349, -1.0)		-1.0
(-1.58, -0.798, 1.0)		1.0
(1.3, -0.346, -1.0)		-1.0
(0.332, -0.69, 1.0)		1.0
(-0.0128, -1.27, -1.0)		-1.0
(-1.83, 0.379, -1.0)		-1.0
(-1.21, 1.0, -1.0)		-1.0
(-0.76, -1.26, -1.0)		-1.0
(-0.665, 1.61, -1.0)		-1.0
(1.12, -0.447, 1.0)		1.0
(-0.23, 2.0, 1.0)		-1.0
(-0.176, -0.207, 1.0)		1.0
(-1.75, -1.92, 1.0)		1.0
(-0.599, 1.25, -1.0)		-1.0
(0.101, 0.881, 1.0)		-1.0
(-0.298, -1.16, -1.0)		-1.0
(1.01, 0.257, -1.0)		-1.0
(-0.479, 0.91, -1.0)		-1.0
(-0.428, -0.509, 1.0)		1.0
(-1.74, 0.367, -1.0)		-1.0
(0.637, 1.25, -1.0)		-1.0
(0.00879, 1.47, -1.0)		-1.0
(-0.302, -0.116, 1.0)		1.0
(0.157, 0.956, -1.0)		-1.0
(-0.617, 1.61, -1.0)		-1.0
(0.934, 0.32, -1.0)		-1.0
(-0.226, -1.45, -1.0)		-1.0
(-0.667, -0.895, -1.0)		-1.0
(-0.0337, -1.36, -1.0)		-1.0
(-0.0411, 0.32, 1.0)		1.0
(-1.78, -0.607, 1.0)		1.0
(-0.495, 1.31, -1.0)		-1.0
(-0.823, 0.729, -1.0)		-1.0
(0.916, -0.0255, 1.0)		-1.0
(1.7, 0.0023, -1.0)		-1.0
(-0.563, 1.29, -1.0)		-1.0
(-0.995, -0.507, 1.0)		1.0
(-1.39, -0.943, 1.0)		1.0
(-1.75, -1.63, 1.0)		1.0
(0.742, 0.744, -1.0)		-1.0
(-0.435, -1.53, -1.0)		-1.0
(2.27, 0.284, -1.0)		-1.0
(0.175, -0.887, -1.0)		-1.0
(1.17, 1.37, -1.0)		1.0
(-1.75, -1.27, 1.0)		1.0
(-1.33, 0.878, -1.0)		-1.0
(-0.238, 1.74, 1.0)		-1.0
(0.99, 1.02, -1.0)		-1.0
(-1.9, 0.856, -1.0)		-1.0
(-1.64, -1.16, 1.0)		1.0
(-0.415, 0.463, 1.0)		1.0
(0.435, 0.397, 1.0)		1.0
(-0.306, 2.28, -1.0)		-1.0
(0.569, 1.15, -1.0)		-1.0
(1.04, -1.17, 1.0)		1.0
(-1.28, -1.12, 1.0)		1.0
(-1.07, 1.3, -1.0)		-1.0
(-0.211, -0.637, -1.0)		-1.0
(-0.104, -1.15, -1.0)		-1.0
(-0.0169, -0.939, -1.0)		-1.0
(-1.4, 0.247, 1.0)		1.0
(-0.897, -0.972, -1.0)		-1.0
(-1.68, -0.472, 1.0)		1.0
(0.655, 1.72, 1.0)		1.0
(-0.58, -0.579, 1.0)		1.0
(0.688, -0.878, 1.0)		-1.0
(1.55, -0.00546, -1.0)		-1.0
(-2.25, 0.167, -1.0)		-1.0
(0.252, 0.258, 1.0)		1.0
(1.54, -0.749, -1.0)		-1.0
(-1.5, 0.0847, 1.0)		1.0
(-0.851, -1.26, -1.0)		-1.0
(-0.403, -0.636, 1.0)		1.0
(-0.138, -1.03, -1.0)		-1.0
(1.94, 1.25, 1.0)		1.0
(-0.651, 1.12, -1.0)		-1.0
(-0.562, -1.12, -1.0)		-1.0
(1.66, -0.402, -1.0)		-1.0
(-1.31, 0.239, 1.0)		1.0
(-0.0113, -0.78, -1.0)		-1.0
(0.0821, -0.398, 1.0)		1.0
(-0.639, 0.68, 1.0)		1.0
(-1.49, -0.221, 1.0)		1.0
(-0.006, -0.32, 1.0)		1.0
(0.782, -0.139, 1.0)		1.0
(-1.33, 0.897, -1.0)		-1.0
(-1.19, -0.774, 1.0)		1.0
(0.127, 1.94, -1.0)		-1.0
(-1.29, -0.23, 1.0)		1.0
(0.76, -1.16, 1.0)		1.0
(-0.992, -0.0156, 1.0)		1.0
(-0.396, 1.21, -1.0)		-1.0
(-0.665, -1.04, -1.0)		-1.0
(1.24, -1.33, 1.0)		1.0
(-0.22, -1.12, -1.0)		-1.0
(-1.54, 0.562, -1.0)		-1.0
(-0.159, -0.12, 1.0)		1.0
(1.03, -0.805, 1.0)		1.0
(-0.625, 1.38, -1.0)		-1.0
(-1.79, -0.124, 1.0)		1.0
(-0.0656, -1.57, -1.0)		-1.0
(1.12, -0.908, 1.0)		1.0
(-1.28, -0.259, 1.0)		1.0
(-0.309, 1.16, -1.0)		-1.0
(-0.625, -0.675, -1.0)		-1.0
(-0.752, -0.117, 1.0)		1.0
(-1.1, 0.322, 1.0)		1.0
(1.09, 1.49, 1.0)		1.0
(-0.867, 0.214, 1.0)		1.0
(0.596, -0.172, 1.0)		1.0
(-0.704, 0.71, -1.0)		1.0
(0.672, 1.57, -1.0)		-1.0
(1.38, 0.698, -1.0)		-1.0
(-1.34, 0.54, -1.0)		-1.0
(0.429, 1.94, 1.0)		-1.0
(0.381, 1.61, 1.0)		-1.0
(0.129, -0.889, -1.0)		-1.0
(-1.01, -0.0908, 1.0)		1.0
(-0.651, -0.528, 1.0)		1.0
(0.0439, 2.03, 1.0)		-1.0
(-2.37, -0.01, -1.0)		-1.0
(-0.553, -0.687, 1.0)		-1.0
(-1.47, -0.817, 1.0)		1.0
(1.36, -0.412, -1.0)		-1.0
(1.92, 0.0429, -1.0)		-1.0
(-0.673, -0.177, 1.0)		1.0
(1.32, 0.218, -1.0)		-1.0
(0.221, 0.946, 1.0)		-1.0
(1.05, 0.899, -1.0)		-1.0
(0.942, 0.248, -1.0)		-1.0
(-1.7, -1.79, 1.0)		1.0
(0.359, 1.52, -1.0)		-1.0
(-0.977, 0.639, 1.0)		-1.0
(-1.02, -1.19, -1.0)		-1.0
(-0.496, 1.41, -1.0)		-1.0
(1.45, 0.273, -1.0)		-1.0
(1.16, -1.1, 1.0)		1.0
(-0.878, -1.46, -1.0)		-1.0
(0.983, 0.203, -1.0)		-1.0
(0.167, -0.793, 1.0)		1.0
(-1.67, 1.1, -1.0)		-1.0
(-1.28, -0.471, 1.0)		1.0
(1.1, 0.74, -1.0)		-1.0
(0.435, 1.31, 1.0)		-1.0
(-1.41, -0.357, 1.0)		1.0
(-0.00145, -0.7, 1.0)		-1.0
(1.5, -0.993, -1.0)		1.0
(-0.248, -1.69, -1.0)		-1.0
(-0.819, -1.21, -1.0)		-1.0
(1.78, 0.272, -1.0)		-1.0
(-1.04, 1.13, -1.0)		-1.0
(-0.536, -0.814, -1.0)		-1.0
(-0.663, -1.47, -1.0)		-1.0
(0.355, -0.222, 1.0)		1.0
(0.486, 0.991, -1.0)		-1.0
(-1.33, -0.12, 1.0)		1.0
(0.975, -1.34, 1.0)		1.0
(0.431, 1.64, 1.0)		-1.0
(-0.516, -0.92, 1.0)		-1.0
(0.0479, -1.06, -1.0)		-1.0
(-1.04, -1.08, -1.0)		-1.0
(-0.767, -1.2, -1.0)		-1.0
(0.613, 1.35, -1.0)		-1.0
(-0.834, -0.258, 1.0)		1.0
(0.473, -1.11, 1.0)		-1.0
(-0.734, 1.25, -1.0)		-1.0
(2.2, 1.14, 1.0)		1.0
(-0.443, 1.02, -1.0)		-1.0
(-0.568, -0.873, -1.0)		-1.0
(-0.452, -0.717, 1.0)		-1.0
(0.14, 1.25, -1.0)		-1.0
(1.22, 0.325, -1.0)		-1.0
(2.18, 1.13, 1.0)		1.0
(1.52, 0.315, -1.0)		-1.0
(-0.276, -1.19, -1.0)		-1.0
(-0.29, 0.7, 1.0)		1.0
(-1.22, 0.177, 1.0)		1.0
(0.799, -0.99, 1.0)		1.0
(-0.0163, -1.07, -1.0)		-1.0
(1.51, -0.355, -1.0)		-1.0
(0.431, -1.46, -1.0)		-1.0
(-0.264, -1.14, -1.0)		-1.0
(1.14, 0.607, -1.0)		-1.0
(-0.508, -0.694, 1.0)		-1.0
(1.53, 0.228, -1.0)		-1.0
(2.07, 1.37, 1.0)		1.0
(1.78, 1.01, 1.0)		1.0
(-0.0175, -1.21, -1.0)		-1.0
(-0.295, -1.27, -1.0)		-1.0
(-0.743, 0.685, 1.0)		1.0
(0.405, -1.2, -1.0)		-1.0
(0.351, -0.964, -1.0)		-1.0
(0.192, 1.94, 1.0)		-1.0
(-0.867, 1.09, -1.0)		-1.0
(1.21, 0.752, -1.0)		-1.0
(0.545, 1.28, -1.0)		-1.0
(0.985, 0.114, -1.0)		-1.0
(-0.544, -0.831, -1.0)		-1.0
(1.12, 0.293, -1.0)		-1.0
(-1.44, -0.47, 1.0)		1.0
(-0.077, 1.87, 1.0)		-1.0
(-0.956, 1.11, -1.0)		-1.0
(1.35, -0.962, 1.0)		1.0
(0.234, -0.413, 1.0)		1.0
(-0.861, -1.21, -1.0)		-1.0
(0.599, 1.14, -1.0)		-1.0
(-1.38, -0.826, 1.0)		1.0
(-1.37, 0.928, -1.0)		-1.0
(0.395, 1.21, -1.0)		-1.0
(1.01, -0.437, 1.0)		1.0
(1.1, -1.17, 1.0)		1.0
(0.999, -1.12, 1.0)		1.0
(-0.381, -0.917, -1.0)		-1.0
(0.817, -0.941, 1.0)		1.0
(0.184, 0.558, 1.0)		1.0
(-0.334, -1.34, -1.0)		-1.0
(0.974, -1.32, 1.0)		1.0
(0.655, 1.14, -1.0)		-1.0
(-0.209, -0.356, 1.0)		1.0
(-0.511, 1.53, -1.0)		-1.0
(-0.891, -0.617, 1.0)		1.0
(0.0545, -1.32, -1.0)		-1.0
(0.545, -0.165, 1.0)		1.0
(1.29, 0.488, -1.0)		-1.0
(0.364, -0.269, 1.0)		1.0
(-1.11, 0.308, 1.0)		1.0
(-0.421, -1.09, -1.0)		-1.0
(0.849, 0.907, -1.0)		-1.0
(-1.17, 1.08, -1.0)		-1.0
(0.629, -0.617, 1.0)		1.0
(0.424, 0.0533, 1.0)		1.0
(0.179, 1.87, -1.0)		-1.0
(1.36, -0.117, -1.0)		-1.0
(1.02, 0.729, -1.0)		-1.0
(0.252, -0.389, 1.0)		1.0
(-0.549, 1.03, -1.0)		-1.0
(1.27, 0.775, -1.0)		-1.0
(-0.0192, -1.03, -1.0)		-1.0
(-1.31, 0.0708, 1.0)		1.0
(-0.719, 0.242, 1.0)		1.0
(-0.633, 0.257, 1.0)		1.0
(-0.491, -1.55, -1.0)		-1.0
(-1.84, -0.366, 1.0)		1.0
(-0.457, -0.983, -1.0)		-1.0
(-0.565, -0.0822, 1.0)		1.0
(0.401, -1.31, -1.0)		-1.0
(-0.561, -0.787, 1.0)		-1.0
(-1.74, 0.697, -1.0)		-1.0
(0.745, 0.877, -1.0)		-1.0
(0.617, 1.34, 1.0)		-1.0
(-1.77, -1.19, 1.0)		1.0
(1.88, 0.325, -1.0)		-1.0
(1.09, 0.155, -1.0)		-1.0
(0.0899, -1.09, -1.0)		-1.0
(0.229, 0.613, 1.0)		1.0
(1.05, -0.655, 1.0)		1.0
(-1.15, -0.545, 1.0)		1.0
(-0.555, 0.908, -1.0)		-1.0
(1.45, 0.211, -1.0)		-1.0
(0.132, -1.49, -1.0)		-1.0
(1.0, 0.654, -1.0)		-1.0
(-0.487, -0.797, -1.0)		-1.0
(0.643, -0.351, 1.0)		1.0
(-0.0744, -0.463, 1.0)		1.0
(-0.0476, -1.24, -1.0)		-1.0
(0.478, 0.46, 1.0)		1.0
(-0.398, -1.28, -1.0)		-1.0
(0.335, 1.15, -1.0)		-1.0
(-0.397, -1.1, -1.0)		-1.0
(0.625, 1.38, 1.0)		-1.0
(-0.648, -0.713, 1.0)		-1.0
(-0.4, -1.15, -1.0)		-1.0
(0.762, -0.334, 1.0)		1.0
(0.137, 1.94, 1.0)		-1.0
(-0.726, -1.17, -1.0)		-1.0
(-1.13, 1.01, -1.0)		-1.0
(1.34, -0.632, 1.0)		1.0
(-0.0261, -1.38, -1.0)		-1.0
(-1.21, -1.22, -1.0)		-1.0
(1.55, 0.482, -1.0)		-1.0
(-0.794, 1.24, -1.0)		-1.0
(0.517, 1.46, -1.0)		-1.0
(-0.865, 1.6, -1.0)		-1.0
(-1.57, -0.561, 1.0)		1.0
(0.329, 0.606, -1.0)		1.0
(0.497, 2.23, -1.0)		-1.0
(-0.529, 0.365, 1.0)		1.0
(-1.82, 0.474, -1.0)		-1.0
(0.948, 0.985, -1.0)		-1.0
(-0.488, -1.31, -1.0)		-1.0
(1.46, -1.06, 1.0)		1.0
(-1.67, 0.88, -1.0)		-1.0
(2.4, 1.2, 1.0)		1.0
(1.57, -0.909, 1.0)		1.0
(-0.144, 1.68, -1.0)		-1.0
(0.123, -0.283, 1.0)		1.0
(-1.23, -0.977, -1.0)		1.0
(-1.69, 0.614, -1.0)		-1.0
(1.71, -0.945, -1.0)		-1.0
(-0.135, -1.1, -1.0)		-1.0
(-1.35, -0.57, 1.0)		1.0
(-0.0117, -1.34, -1.0)		-1.0
(1.31, 0.151, -1.0)		-1.0
(0.983, 0.611, -1.0)		-1.0
(-1.52, -0.00335, 1.0)		1.0
(0.976, 1.24, -1.0)		-1.0
(0.0271, 1.83, 1.0)		-1.0
(-1.4, 0.98, -1.0)		-1.0
(-0.45, -0.928, -1.0)		-1.0
(-2.09, 0.604, -1.0)		-1.0
(0.455, 0.877, -1.0)		-1.0
(0.193, 1.72, -1.0)		-1.0
(-0.304, 1.5, -1.0)		-1.0
(-1.98, -0.655, 1.0)		1.0
(-0.0237, -1.0, -1.0)		-1.0
(-0.184, -1.4, -1.0)		-1.0
(0.458, -0.157, 1.0)		1.0
(-1.45, -1.22, 1.0)		1.0
(-0.152, -1.11, -1.0)		-1.0
(-0.0208, 1.76, 1.0)		-1.0
(1.31, 0.208, -1.0)		-1.0
(-1.06, -1.54, -1.0)		-1.0
(-1.24, 0.1, 1.0)		1.0
(0.715, 1.3, -1.0)		-1.0
(-1.77, -0.455, 1.0)		1.0
(0.75, 1.63, 1.0)		-1.0
(1.12, 0.422, -1.0)		-1.0
(1.88, -1.13, -1.0)		1.0
(0.894, -0.742, 1.0)		1.0
(0.756, -0.0709, 1.0)		1.0
(-0.734, 0.881, -1.0)		-1.0
(0.301, -1.29, -1.0)		-1.0
(0.426, 0.194, 1.0)		1.0
(-1.93, 0.96, -1.0)		-1.0
(0.258, 0.482, 1.0)		1.0
(0.272, -1.6, -1.0)		-1.0
(0.194, -1.27, -1.0)		-1.0
(-2.28, -1.02, 1.0)		1.0
(-1.55, -0.61, 1.0)		1.0
(-1.36, -0.324, 1.0)		1.0
(0.869, 0.576, -1.0)		-1.0
(1.59, -0.111, -1.0)		-1.0
(-0.424, 0.0207, 1.0)		1.0
(0.621, 1.32, 1.0)		-1.0
(-0.0367, -0.144, 1.0)		1.0
(0.735, 0.932, -1.0)		-1.0
(1.74, 0.195, -1.0)		-1.0
(-0.482, 0.0903, 1.0)		1.0
(-0.201, 1.35, -1.0)		-1.0
(-0.0882, 1.17, -1.0)		-1.0
(0.831, 1.35, -1.0)		-1.0
(0.762, 0.344, -1.0)		-1.0
(0.777, 0.312, -1.0)		-1.0
(0.813, 1.06, -1.0)		-1.0
(-0.507, 1.89, -1.0)		-1.0
(0.163, -1.08, -1.0)		-1.0
(-0.9, 0.858, -1.0)		-1.0
(1.88, -0.289, -1.0)		-1.0
(0.273, 1.79, -1.0)		-1.0
(1.47, -0.531, -1.0)		-1.0
(-0.814, 0.23, 1.0)		1.0
(-0.422, -0.241, 1.0)		1.0
(0.996, 1.46, 1.0)		1.0
(0.0432, -1.39, -1.0)		-1.0
(0.591, -0.427, 1.0)		1.0
(-0.698, -0.726, 1.0)		-1.0
(-0.536, 1.19, -1.0)		-1.0
(-0.53, 0.101, 1.0)		1.0
(0.494, 1.18, -1.0)		-1.0
(-0.305, 0.194, 1.0)		1.0
(0.0878, -1.08, -1.0)		-1.0
(-0.752, 0.342, 1.0)		1.0
(0.135, 0.0532, 1.0)		1.0
(-0.0461, 1.65, -1.0)		-1.0
(1.29, 0.0437, -1.0)		-1.0
(-0.534, -1.23, -1.0)		-1.0
(-0.269, 1.37, -1.0)		-1.0
(-0.803, -1.09, -1.0)		-1.0
(0.915, 1.15, -1.0)		-1.0
(0.676, 0.925, -1.0)		-1.0
(1.28, 0.373, -1.0)		-1.0
(-0.699, -0.359, 1.0)		1.0
(-0.222, 0.259, 1.0)		1.0
(-1.6, -1.44, 1.0)		1.0
(-0.665, 0.357, 1.0)		1.0
(-0.615, -0.97, -1.0)		-1.0
(0.938, -0.255, 1.0)		1.0
(-0.926, 0.916, -1.0)		-1.0
(-0.854, -0.379, 1.0)		1.0
(-0.611, -1.28, -1.0)		-1.0
(-1.01, 0.357, 1.0)		1.0
(-1.19, 1.14, -1.0)		-1.0
(-0.728, -0.76, 1.0)		-1.0
(-0.768, -0.909, -1.0)		-1.0
(-0.173, 1.59, -1.0)		-1.0
(0.229, 1.63, -1.0)		-1.0
(0.513, 0.741, -1.0)		-1.0
(-0.0773, -1.22, -1.0)		-1.0
(-0.114, -1.5, -1.0)		-1.0
(-1.3, 0.651, 1.0)		-1.0
(0.5, 0.762, 1.0)		-1.0
(-1.15, -0.562, 1.0)		1.0
(0.884, -0.766, 1.0)		1.0
(-0.83, -1.08, -1.0)		-1.0
(-1.6, -1.32, 1.0)		1.0
(0.781, 0.911, -1.0)		-1.0
(-1.32, 0.0399, 1.0)		1.0
(0.673, 2.52, -1.0)		-1.0
(-0.855, 1.22, -1.0)		-1.0
(0.0893, -1.1, -1.0)		-1.0
(-1.52, -0.993, 1.0)		1.0
(-0.355, 1.28, -1.0)		-1.0
(0.273, -1.45, -1.0)		-1.0
(-1.27, -0.688, 1.0)		1.0
(0.157, -0.652, 1.0)		1.0
(-1.18, 1.17, -1.0)		-1.0
(-0.736, -1.14, -1.0)		-1.0
(0.603, 0.145, 1.0)		1.0
(0.722, 0.368, -1.0)		-1.0
(-0.38, -1.27, -1.0)		-1.0
(1.66, -0.384, -1.0)		-1.0
(-0.118, -1.26, -1.0)		-1.0
(0.689, -0.187, 1.0)		1.0
(-0.886, -1.27, -1.0)		-1.0
(-1.47, 0.52, -1.0)		-1.0
(1.07, 0.668, -1.0)		-1.0
(-1.94, -0.761, 1.0)		1.0
(0.41, 1.01, -1.0)		-1.0
(-0.78, -1.37, -1.0)		-1.0
(0.344, 1.38, 1.0)		-1.0
(0.22, -1.36, -1.0)		-1.0
(-0.621, 1.11, -1.0)		-1.0
(0.707, 1.37, -1.0)		-1.0
(0.196, 1.76, -1.0)		-1.0
(0.44, -0.936, -1.0)		-1.0
(1.37, 0.219, -1.0)		-1.0
(0.284, 1.86, -1.0)		-1.0
(1.45, 0.169, -1.0)		-1.0
(0.941, 1.46, -1.0)		1.0
(-0.275, -1.6, -1.0)		-1.0
(-1.5, 0.282, 1.0)		-1.0
(0.121, 0.219, 1.0)		1.0
(-1.87, 0.373, -1.0)		-1.0
(-1.51, -0.626, 1.0)		1.0
(1.41, 0.319, -1.0)		-1.0
(0.919, 0.798, -1.0)		-1.0
(0.533, 1.76, -1.0)		1.0
(0.845, 0.00714, 1.0)		1.0
(-0.203, 1.26, -1.0)		-1.0
(-0.52, 1.35, -1.0)		-1.0
(-0.0696, -0.896, -1.0)		-1.0
(-0.914, 0.317, 1.0)		1.0
(-0.688, -1.14, -1.0)		-1.0
(1.07, 0.399, -1.0)		-1.0
(-0.411, -1.34, -1.0)		-1.0
(0.924, 0.861, -1.0)		-1.0
(-0.901, -1.13, -1.0)		-1.0
(1.55, -0.0305, -1.0)		-1.0
(1.15, 0.565, -1.0)		-1.0
(-0.572, 1.16, -1.0)		-1.0
(0.155, 1.88, -1.0)		-1.0
(1.43, -0.816, 1.0)		1.0
(-0.858, -1.2, -1.0)		-1.0
(-0.0652, 0.631, 1.0)		1.0
(0.16, -0.616, 1.0)		1.0
(-1.53, 0.501, -1.0)		-1.0
(-1.45, -1.14, 1.0)		1.0
(-0.113, 2.13, 1.0)		-1.0
(-0.241, -0.374, 1.0)		1.0
(-0.49, -1.45, -1.0)		-1.0
(-0.861, -0.972, -1.0)		-1.0
(1.14, 0.212, -1.0)		-1.0
(-0.44, -1.3, -1.0)		-1.0
(-0.98, -1.49, -1.0)		-1.0
(-1.69, -0.176, 1.0)		1.0
(0.84, 1.42, -1.0)		1.0
(-0.972, 0.473, 1.0)		1.0
(-0.668, 0.919, -1.0)		-1.0
(0.732, 0.493, -1.0)		-1.0
(0.535, 1.46, 1.0)		-1.0
(-1.4, -0.183, 1.0)		1.0
(1.26, 0.305, -1.0)		-1.0
(-0.996, -0.984, 1.0)		-1.0
(-0.534, -1.4, -1.0)		-1.0
(0.733, 0.926, -1.0)		-1.0
(0.587, 0.0331, 1.0)		1.0
(0.0125, -0.665, -1.0)		1.0
(0.835, 1.24, -1.0)		-1.0
(-0.942, -1.15, -1.0)		-1.0
(0.0368, -0.239, 1.0)		1.0
(1.5, 1.5, 1.0)		1.0
(-0.744, -1.39, -1.0)		-1.0
(-0.472, 0.267, 1.0)		1.0
(0.304, 1.61, -1.0)		-1.0
(-0.0439, 0.305, 1.0)		1.0
(-1.96, -1.09, 1.0)		1.0
(1.31, 0.17, -1.0)		-1.0
(-1.78, -0.253, 1.0)		1.0
(-1.21, 0.918, -1.0)		-1.0
(0.457, 0.191, 1.0)		1.0
(0.998, 0.37, -1.0)		-1.0
(0.513, 1.5, -1.0)		-1.0
(-0.714, -0.161, 1.0)		1.0
(0.0722, 1.8, -1.0)		-1.0
(1.33, -0.0673, -1.0)		-1.0
(0.508, -0.331, 1.0)		1.0
(0.862, -1.24, 1.0)		1.0
(0.65, 1.86, -1.0)		-1.0
(1.74, -0.143, -1.0)		-1.0
(0.417, -1.54, -1.0)		-1.0
(0.466, 0.281, 1.0)		1.0
(1.73, 0.979, 1.0)		1.0
(-0.314, -0.72, -1.0)		-1.0
(0.0981, 0.465, 1.0)		1.0
(-1.08, 1.01, -1.0)		-1.0
(2.37, 1.07, 1.0)		1.0
(0.143, -0.786, -1.0)		1.0
(0.032, -1.5, -1.0)		-1.0
(0.739, 2.14, -1.0)		-1.0
(0.396, 1.81, 1.0)		-1.0
(0.538, 1.38, -1.0)		-1.0
(0.0325, -1.46, -1.0)		-1.0
(-0.391, 1.32, -1.0)		-1.0
(-0.695, 1.08, -1.0)		-1.0
(-1.84, -0.846, 1.0)		1.0
(-0.824, 1.1, -1.0)		-1.0
(1.16, -1.24, 1.0)		1.0
(0.7, 1.14, -1.0)		-1.0
(-0.17, 1.18, -1.0)		-1.0
(-0.0932, 0.472, 1.0)		1.0
(0.164, -1.18, -1.0)		-1.0
(0.443, 1.54, -1.0)		-1.0
(-1.22, 0.0836, 1.0)		1.0
(-0.188, -1.27, -1.0)		-1.0
(0.109, -0.522, 1.0)		1.0
(1.62, 1.19, 1.0)		1.0
(-0.853, 0.358, 1.0)		1.0
(-1.69, -1.14, 1.0)		1.0
(0.725, -0.99, 1.0)		-1.0
(0.25, -1.1, -1.0)		-1.0
(-1.22, 0.569, 1.0)		-1.0
(0.627, 0.125, -1.0)		1.0
(-0.0699, -1.2, -1.0)		-1.0
(0.594, 1.8, -1.0)		-1.0
(-0.901, -1.56, -1.0)		-1.0
(1.02, 0.0975, -1.0)		-1.0
(-0.149, -0.0185, 1.0)		1.0
(-0.226, -1.09, -1.0)		-1.0
(1.11, 0.685, -1.0)		-1.0
(-0.301, 1.69, -1.0)		-1.0
(0.471, -0.445, 1.0)		1.0
(-0.827, 1.23, -1.0)		-1.0
(-0.672, -0.0414, 1.0)		1.0
(0.606, -0.877, -1.0)		-1.0
(-0.64, 0.705, 1.0)		1.0
(0.14, -0.8, -1.0)		1.0
(0.425, -1.21, -1.0)		-1.0
(0.966, -0.199, 1.0)		1.0
(1.06, 0.629, -1.0)		-1.0
(0.839, -1.15, 1.0)		1.0
(0.379, 1.74, -1.0)		-1.0
(0.603, -1.0, -1.0)		-1.0
(-0.463, -1.2, -1.0)		-1.0
(1.18, 1.42, 1.0)		1.0
(1.09, -1.12, 1.0)		1.0
(0.9, -1.36, 1.0)		1.0
(1.11, -1.1, 1.0)		1.0
(1.46, -0.111, -1.0)		-1.0
(0.242, 0.347, 1.0)		1.0
(0.669, 0.98, -1.0)		-1.0
(-1.2, -0.826, 1.0)		1.0
(-1.13, 0.928, -1.0)		-1.0
(-0.799, 1.11, -1.0)		-1.0
(-0.108, 1.7, -1.0)		-1.0
(-1.18, 0.692, -1.0)		-1.0
(-0.787, -0.113, 1.0)		1.0
(-0.412, -0.689, -1.0)		-1.0
(-0.452, 0.524, 1.0)		1.0
(0.29, -0.515, 1.0)		1.0
(-0.518, -0.914, -1.0)		-1.0
(-1.1, 0.419, 1.0)		1.0
(1.34, 1.44, 1.0)		1.0
(-1.46, 0.594, -1.0)		-1.0
(-0.613, 1.1, -1.0)		-1.0
(1.5, 0.0442, -1.0)		-1.0
(1.34, -0.0272, -1.0)		-1.0
(-0.146, -0.869, -1.0)		-1.0
(0.0726, -1.31, -1.0)		-1.0
(-0.198, -0.661, 1.0)		-1.0
(-0.0776, -1.35, -1.0)		-1.0
(-1.22, -0.68, 1.0)		1.0
(1.17, 0.407, -1.0)		-1.0
(1.34, 0.0998, -1.0)		-1.0
(1.25, -1.25, 1.0)		1.0
(0.712, 1.49, 1.0)		-1.0
(-0.516, -0.915, -1.0)		-1.0
(-1.63, 0.728, -1.0)		-1.0
(-0.514, -1.21, -1.0)		-1.0
(1.12, 0.822, -1.0)		-1.0
(-0.076, -1.12, -1.0)		-1.0
(-0.678, -0.417, 1.0)		1.0
(-0.897, -1.04, -1.0)		-1.0
(1.12, 0.375, -1.0)		-1.0
(-1.94, -1.61, 1.0)		1.0
(-0.756, -0.679, -1.0)		1.0
(0.825, -1.28, 1.0)		1.0
(1.8, 0.0607, -1.0)		-1.0
(0.108, -1.21, -1.0)		-1.0
(2.18, 1.21, 1.0)		1.0
(0.634, 0.366, 1.0)		-1.0
(1.26, 0.799, -1.0)		-1.0
(-0.702, -0.811, -1.0)		-1.0
(-0.336, -0.0523, 1.0)		1.0
(-0.729, 1.5, -1.0)		-1.0
(1.3, 0.749, -1.0)		-1.0
(0.283, 0.394, 1.0)		1.0
(0.247, 1.65, 1.0)		-1.0
(0.212, 1.81, -1.0)		-1.0
(1.08, -0.628, -1.0)		1.0
(-0.852, -0.298, 1.0)		1.0
(-1.77, -0.592, 1.0)		1.0
(-0.251, 0.327, 1.0)		1.0
(0.417, -1.28, -1.0)		-1.0
(-0.12, -1.22, -1.0)		-1.0
(-2.19, -1.3, 1.0)		1.0
(2.11, 0.942, 1.0)		1.0
(-0.214, -0.235, 1.0)		1.0
(1.05, 0.219, -1.0)		-1.0
(-0.863, 0.174, 1.0)		1.0
(0.244, 1.42, -1.0)		-1.0
(0.0725, 0.596, 1.0)		1.0
(-1.34, 0.869, -1.0)		-1.0
(-0.0874, -1.07, -1.0)		-1.0
(-0.452, -1.22, -1.0)		-1.0
(0.973, 0.653, -1.0)		-1.0
(0.911, -0.832, 1.0)		1.0
(0.303, -0.94, -1.0)		-1.0
(0.282, -0.761, 1.0)		-1.0
(1.7, -0.554, -1.0)		-1.0
(0.659, 1.28, -1.0)		-1.0
(-0.192, 0.791, 1.0)		1.0
(0.424, 1.64, 1.0)		-1.0
(-0.59, -1.04, -1.0)		-1.0
(2.04, 1.36, 1.0)		1.0
(-1.11, -0.351, 1.0)		1.0
(-1.86, -1.78, 1.0)		1.0
(-1.12, -0.315, 1.0)		1.0
(-0.932, -1.02, -1.0)		-1.0
(1.71, -0.424, -1.0)		-1.0
(0.726, -0.626, 1.0)		1.0
(-1.46, 0.657, -1.0)		-1.0
(-0.347, -1.13, -1.0)		-1.0
(-1.21, -1.16, 1.0)		-1.0
(0.541, 1.41, -1.0)		-1.0
(0.334, 1.04, -1.0)		-1.0
(1.31, 0.118, -1.0)		-1.0
(0.673, 0.172, 1.0)		1.0
(1.14, 0.866, -1.0)		-1.0
(-0.372, -1.11, -1.0)		-1.0
(1.29, 0.644, -1.0)		-1.0
(1.26, -1.25, 1.0)		1.0
(0.408, -0.664, 1.0)		1.0
(0.339, 0.881, -1.0)		-1.0
(0.00275, -0.0555, 1.0)		1.0
(-0.836, -0.65, 1.0)		1.0
(0.838, 1.5, -1.0)		1.0
(-1.4, -1.54, 1.0)		1.0
(0.786, 1.31, -1.0)		-1.0
(-0.88, 0.407, 1.0)		1.0
(0.987, 0.258, -1.0)		-1.0
(1.86, -0.213, -1.0)		-1.0
(-1.53, 0.679, -1.0)		-1.0
(-1.12, 0.699, -1.0)		-1.0
(-1.19, -0.328, 1.0)		1.0
(0.829, -0.305, -1.0)		1.0
(1.16, 0.847, -1.0)		-1.0
(-0.434, -1.1, -1.0)		-1.0
(-0.177, -1.45, -1.0)		-1.0
(-0.131, 1.76, 1.0)		-1.0
(1.19, 0.309, -1.0)		-1.0
(0.189, 1.35, -1.0)		-1.0
(0.0963, -1.38, -1.0)		-1.0
(-0.989, 0.48, -1.0)		1.0
(-0.532, 0.181, 1.0)		1.0
(0.704, -0.91, 1.0)		-1.0
(-0.301, 1.82, 1.0)		-1.0
(0.0561, -0.479, 1.0)		1.0
(1.13, -1.27, 1.0)		1.0
(-0.206, -1.15, -1.0)		-1.0
(-0.413, 1.17, -1.0)		-1.0
(-1.21, -0.854, 1.0)		1.0
(1.01, 0.555, -1.0)		-1.0
(0.879, 1.03, -1.0)		-1.0
(0.724, 0.706, -1.0)		-1.0
(-2.03, -1.23, 1.0)		1.0
(0.414, 0.141, 1.0)		1.0
(0.466, 0.322, 1.0)		1.0
(1.44, 0.276, -1.0)		-1.0
(0.97, 1.15, -1.0)		-1.0
(1.1, 1.58, 1.0)		1.0
(0.719, 0.759, -1.0)		-1.0
(1.07, 0.512, -1.0)		-1.0
(-0.753, -1.08, -1.0)		-1.0
(-0.451, 1.72, -1.0)		-1.0
(-1.24, -0.706, 1.0)		1.0
(0.179, -1.04, -1.0)		-1.0
(0.214, -0.45, 1.0)		1.0
(0.364, -0.858, -1.0)		-1.0
(-1.04, -0.131, 1.0)		1.0
(0.273, 1.68, -1.0)		-1.0
(1.19, 0.289, -1.0)		-1.0
(-0.436, -0.954, -1.0)		-1.0
(-0.403, -0.488, 1.0)		1.0
(-0.8, 1.66, -1.0)		-1.0
(0.00854, 1.31, -1.0)		-1.0
(1.47, -1.44, 1.0)		1.0
(1.13, 1.07, -1.0)		-1.0
(-1.1, 0.737, -1.0)		-1.0
(-0.711, 0.96, -1.0)		-1.0
(1.81, -0.551, -1.0)		-1.0
(-0.381, -1.08, -1.0)		-1.0
(2.0, 1.71, 1.0)		1.0
(-1.34, 0.824, -1.0)		-1.0
(-0.184, -0.751, 1.0)		-1.0
(0.608, -1.18, 1.0)		-1.0
(0.957, -0.572, 1.0)		1.0
(-0.243, -1.24, -1.0)		-1.0
(0.914, 0.26, -1.0)		-1.0
(0.701, 0.564, -1.0)		-1.0
(1.35, 1.33, 1.0)		1.0
(0.387, -0.798, -1.0)		-1.0
(-1.02, -1.43, -1.0)		-1.0
(1.71, 1.17, 1.0)		1.0
(-0.178, -0.551, 1.0)		1.0
(-0.434, -1.16, -1.0)		-1.0
(0.512, -0.49, 1.0)		1.0
(-0.434, 2.24, -1.0)		-1.0
(-2.17, -0.523, 1.0)		1.0
(1.18, 0.766, -1.0)		-1.0
(-0.00948, -0.336, 1.0)		1.0
(0.142, -0.698, 1.0)		1.0
(-1.28, 0.559, -1.0)		1.0
(-1.01, -0.363, 1.0)		1.0
(-1.74, 0.975, -1.0)		-1.0
(1.34, -1.07, 1.0)		1.0
(1.28, 1.35, 1.0)		1.0
(-0.274, -0.99, -1.0)		-1.0
(1.39, 0.0609, -1.0)		-1.0
(-1.36, 0.976, -1.0)		-1.0
(0.99, 0.771, -1.0)		-1.0
(-1.82, -0.341, 1.0)		1.0
(0.423, 1.74, -1.0)		-1.0
(1.42, -0.208, 1.0)		-1.0
(-0.261, 0.204, 1.0)		1.0
(-1.69, 0.706, -1.0)		-1.0
(-1.24, -0.497, 1.0)		1.0
(-0.074, 1.97, 1.0)		-1.0
(1.4, -1.13, 1.0)		1.0
(0.411, 1.47, -1.0)		-1.0
(-1.51, -0.285, 1.0)		1.0
(1.12, -1.22, 1.0)		1.0
(-0.652, 1.14, -1.0)		-1.0
(0.608, 0.0135, 1.0)		1.0
(0.0285, 1.72, 1.0)		-1.0
(-0.315, -1.09, -1.0)		-1.0
(0.222, 1.47, 1.0)		-1.0
(-0.376, -0.975, -1.0)		-1.0
(-0.356, -0.0513, 1.0)		1.0
(-0.42, 1.11, -1.0)		-1.0
(-1.17, -0.073, 1.0)		1.0
(-0.816, 0.562, -1.0)		1.0
(1.02, 0.44, -1.0)		-1.0
(-0.828, -0.82, -1.0)		-1.0
(-0.183, 1.15, -1.0)		-1.0
(-0.768, 0.209, 1.0)		1.0
(-0.101, -0.122, 1.0)		1.0
(-1.55, 0.378, -1.0)		-1.0
(-0.825, 0.481, 1.0)		1.0
(1.23, -1.55, 1.0)		1.0
(1.61, -0.387, -1.0)		-1.0
(-0.785, -0.361, 1.0)		1.0
(-1.53, -1.01, 1.0)		1.0
(0.327, 0.17, 1.0)		1.0
(1.35, -1.23, 1.0)		1.0
(-1.04, 0.621, -1.0)		-1.0
(0.424, 0.471, -1.0)		1.0
(-0.0567, -1.41, -1.0)		-1.0
(1.63, 0.0545, -1.0)		-1.0
(-0.522, 0.877, 1.0)		-1.0
(-0.391, 1.03, -1.0)		-1.0
(-1.54, -0.641, 1.0)		1.0
(0.0114, -1.46, -1.0)		-1.0
(1.16, 0.151, 1.0)		-1.0
(-0.17, -0.346, 1.0)		1.0
(0.809, 0.942, -1.0)		-1.0
(0.602, 1.06, -1.0)		-1.0
(-0.879, 0.499, 1.0)		1.0
(1.18, 0.507, -1.0)		-1.0
(-1.06, -0.937, -1.0)		-1.0
(2.37, 1.14, 1.0)		1.0
(-1.42, 0.592, 1.0)		-1.0
(1.88, 0.116, -1.0)		-1.0
(-1.06, 0.817, -1.0)		-1.0
(0.809, 0.741, -1.0)		-1.0
(1.22, 0.217, -1.0)		-1.0
(0.612, 1.8, 1.0)		1.0
(1.25, -0.146, 1.0)		-1.0
(1.28, -0.236, -1.0)		-1.0
(-0.298, -1.26, -1.0)		-1.0
(0.93, -0.375, 1.0)		1.0
(-0.626, -1.18, -1.0)		-1.0
(-0.102, 1.57, 1.0)		-1.0
(-0.918, -0.578, 1.0)		1.0
(1.01, 1.53, 1.0)		1.0
(0.805, 0.42, -1.0)		-1.0
(-0.958, 0.536, -1.0)		1.0
(-0.051, -0.972, -1.0)		-1.0
(-0.0443, -0.335, 1.0)		1.0
(0.822, 0.501, -1.0)		-1.0
(-0.337, 1.66, -1.0)		-1.0
(-0.957, 0.039, 1.0)		1.0
(-0.0406, 2.09, -1.0)		-1.0
(-0.266, -1.2, -1.0)		-1.0
(-0.216, -0.353, 1.0)		1.0
(-1.33, -0.861, 1.0)		1.0
(-1.87, -1.32, 1.0)		1.0
(-1.1, 0.817, -1.0)		-1.0
(0.568, 0.244, -1.0)		-1.0
(-0.672, -0.601, -1.0)		-1.0
(0.847, 1.4, -1.0)		1.0
(-0.125, -1.48, -1.0)		-1.0
(0.504, 0.0752, -1.0)		1.0
(0.257, 0.154, 1.0)		1.0
(-0.269, 1.6, -1.0)		-1.0
(0.29, -0.481, 1.0)		1.0
(-2.06, 0.392, -1.0)		-1.0
(-1.14, 0.849, -1.0)		-1.0
(-1.54, 0.516, 1.0)		-1.0
(1.55, -0.466, -1.0)		-1.0
(0.209, 0.755, 1.0)		1.0
(-1.66, -0.56, 1.0)		1.0
(0.299, 1.56, -1.0)		-1.0
(-0.418, -1.26, -1.0)		-1.0
(-0.0554, -1.28, -1.0)		-1.0
(-1.1, 0.641, 1.0)		-1.0
(-0.016, -0.448, 1.0)		1.0
(0.463, 0.498, -1.0)		1.0
(-1.56, -1.1, 1.0)		1.0
(0.287, -1.45, -1.0)		-1.0
(-1.03, 1.01, -1.0)		-1.0
(0.826, 0.84, -1.0)		-1.0
(-1.31, -0.354, 1.0)		1.0
(-0.634, -1.15, -1.0)		-1.0
(1.26, 0.144, -1.0)		-1.0
(-0.162, 1.84, -1.0)		-1.0
(-0.532, 0.978, -1.0)		-1.0
(0.527, -1.02, -1.0)		-1.0
(-0.208, -0.646, 1.0)		-1.0
(-0.58, -1.09, -1.0)		-1.0
(-0.071, 1.63, -1.0)		-1.0
(-0.622, 0.804, 1.0)		-1.0
(-0.25, -1.23, -1.0)		-1.0
(0.504, 1.78, -1.0)		-1.0
(2.29, 1.22, 1.0)		1.0
(0.625, 1.67, -1.0)		-1.0
(-0.165, -0.697, -1.0)		-1.0
(-0.317, 1.77, -1.0)		-1.0
(0.309, -0.689, 1.0)		1.0
(1.14, 0.647, -1.0)		-1.0
(-1.37, -0.177, 1.0)		1.0
(-0.988, -0.191, 1.0)		1.0
(-0.0273, 0.739, 1.0)		1.0
(0.611, 0.978, -1.0)		-1.0
(-1.89, -1.7, 1.0)		1.0
(-0.936, 1.81, -1.0)		-1.0
(1.25, 0.794, -1.0)		-1.0
(-1.34, 0.595, -1.0)		-1.0
(0.469, 1.91, -1.0)		-1.0
(-1.57, 0.629, -1.0)		-1.0
(-1.61, -0.451, 1.0)		1.0
(-1.81, -0.488, 1.0)		1.0
(1.08, -0.996, 1.0)		1.0
(0.445, 0.135, 1.0)		1.0
(0.764, 0.469, -1.0)		-1.0
(0.369, 0.428, 1.0)		1.0
(-0.367, -1.04, -1.0)		-1.0
(-0.139, 0.132, 1.0)		1.0
(-0.987, -0.863, 1.0)		-1.0
(-1.54, 0.503, -1.0)		-1.0
(0.434, -0.189, 1.0)		1.0
(-1.57, -1.47, 1.0)		1.0
(1.62, -0.0187, -1.0)		-1.0
(0.659, -0.985, 1.0)		-1.0
(0.196, 1.27, -1.0)		-1.0
(-1.42, -0.327, 1.0)		1.0
(1.82, 1.43, 1.0)		1.0
(-0.487, -0.536, 1.0)		1.0
(0.235, 1.48, 1.0)		-1.0
(1.38, 0.131, -1.0)		-1.0
(-1.44, -0.0746, 1.0)		1.0
(-0.163, -0.398, 1.0)		1.0
(1.25, -0.322, -1.0)		-1.0
(1.33, -0.0802, -1.0)		-1.0
(-0.18, 0.595, 1.0)		1.0
(-1.29, -0.754, 1.0)		1.0
(0.409, 1.45, -1.0)		-1.0
(-1.45, -1.25, 1.0)		1.0
(-1.32, 0.995, -1.0)		-1.0
(1.02, -0.728, 1.0)		1.0
(1.72, 0.0291, -1.0)		-1.0
(-1.78, -0.687, 1.0)		1.0
(-0.966, -0.628, 1.0)		1.0
(-1.57, 0.378, -1.0)		-1.0
(1.12, -0.659, 1.0)		1.0
(0.0235, -0.18, 1.0)		1.0
(-1.17, 0.156, 1.0)		1.0
(-0.105, -0.442, 1.0)		1.0
(-0.256, -0.115, 1.0)		1.0
(0.414, 1.16, -1.0)		-1.0
(0.617, -0.0096, 1.0)		1.0
(-1.37, 0.648, -1.0)		-1.0
(0.774, 0.617, -1.0)		-1.0
(2.29, 1.32, 1.0)		1.0
(0.501, 0.0553, 1.0)		1.0
(0.981, 0.532, -1.0)		-1.0
(0.141, 0.0947, 1.0)		1.0
(0.0436, 0.0126, 1.0)		1.0
(-1.84, -1.64, 1.0)		1.0
(-1.22, -0.119, 1.0)		1.0
(-1.16, 0.41, -1.0)		1.0
(1.25, -0.00263, -1.0)		-1.0
(1.03, 1.29, -1.0)		-1.0
(0.773, -0.747, 1.0)		1.0
(-0.0297, -1.58, -1.0)		-1.0
(0.217, -1.21, -1.0)		-1.0
(-1.06, 1.03, -1.0)		-1.0
(-1.93, -0.92, 1.0)		1.0
(0.598, 0.855, -1.0)		-1.0
(-1.69, -1.27, 1.0)		1.0
(0.822, 0.192, -1.0)		-1.0
(-0.539, 1.41, -1.0)		-1.0
(0.00168, 0.262, 1.0)		1.0
(-0.742, -1.02, -1.0)		-1.0
(-1.31, -0.903, -1.0)		1.0
(0.878, -1.38, 1.0)		1.0
(0.465, -1.26, -1.0)		-1.0
(-1.11, -0.821, 1.0)		1.0
(2.41, 1.26, 1.0)		1.0
(-1.56, -0.172, 1.0)		1.0
(-0.855, -1.05, -1.0)		-1.0
(0.000519, 0.282, 1.0)		1.0
(-1.88, -0.979, 1.0)		1.0
(-0.895, -1.07, 1.0)		-1.0
(0.235, 0.772, 1.0)		-1.0
(1.87, -1.16, -1.0)		1.0
(0.735, 1.63, 1.0)		-1.0
(0.0737, 0.124, 1.0)		1.0
(-0.337, 1.85, -1.0)		-1.0
(-0.2, 1.74, 1.0)		-1.0
(1.2, -0.213, -1.0)		-1.0
(0.382, 0.175, 1.0)		1.0
(1.03, -0.191, -1.0)		1.0
(-0.739, 1.32, -1.0)		-1.0
(0.952, 0.616, -1.0)		-1.0
(-1.57, -0.205, 1.0)		1.0
(0.774, -1.22, 1.0)		1.0
(1.21, -1.24, 1.0)		1.0
(1.1, 0.131, -1.0)		-1.0
(0.397, 0.513, 1.0)		1.0
(1.07, -1.38, 1.0)		1.0
(-1.37, -0.205, 1.0)		1.0
(-0.33, 0.0829, 1.0)		1.0
(-0.718, -1.25, -1.0)		-1.0
(-0.676, 1.3, -1.0)		-1.0
(0.434, 2.19, -1.0)		-1.0
(-0.882, -0.582, 1.0)		1.0
(1.16, -0.768, 1.0)		1.0
(0.572, -1.24, -1.0)		-1.0
(-0.757, 0.298, 1.0)		1.0
(0.67, 1.15, -1.0)		-1.0
(0.0301, -0.894, -1.0)		-1.0
(1.22, 1.35, -1.0)		1.0
(-0.685, 0.989, -1.0)		-1.0
(-0.377, -0.617, 1.0)		1.0
(0.13, 1.41, -1.0)		-1.0
(-1.09, 1.39, -1.0)		-1.0
(1.15, -1.14, 1.0)		1.0
(0.648, 1.41, -1.0)		-1.0
(0.981, 0.0921, -1.0)		-1.0
(0.318, 1.4, -1.0)		-1.0
(-0.501, 0.0787, 1.0)		1.0
(-1.12, 0.494, -1.0)		1.0
(-1.81, -0.994, 1.0)		1.0
(-0.748, -0.034, 1.0)		1.0
(0.544, 1.41, -1.0)		-1.0
(-0.944, 1.02, -1.0)		-1.0
(-0.533, 1.22, -1.0)		-1.0
(-0.446, -1.28, -1.0)		-1.0
(0.498, -1.02, -1.0)		-1.0
(-0.954, -1.19, -1.0)		-1.0
(1.65, 0.0404, -1.0)		-1.0
(-2.03, 0.359, -1.0)		-1.0
(-0.235, -1.22, -1.0)		-1.0
(0.627, -0.0629, 1.0)		1.0
(-1.93, 0.525, -1.0)		-1.0
(2.35, 1.14, 1.0)		1.0
(0.233, -0.275, 1.0)		1.0
(-0.781, -0.113, 1.0)		1.0
(-0.327, 0.612, 1.0)		1.0
(-1.41, 1.09, -1.0)		-1.0
(0.0489, -1.36, -1.0)		-1.0
(0.253, -1.3, -1.0)		-1.0
(-1.25, -0.656, 1.0)		1.0
(-1.59, 0.322, -1.0)		-1.0
(1.99, 1.18, 1.0)		1.0
(2.2, 1.26, 1.0)		1.0
(-0.172, -1.31, -1.0)		-1.0
(0.276, 0.397, 1.0)		1.0
(0.949, 0.422, -1.0)		-1.0
(1.06, 0.842, -1.0)		-1.0
(1.98, 1.27, 1.0)		1.0
(-0.279, -0.0928, 1.0)		1.0
(0.275, 1.18, -1.0)		-1.0
(-0.318, 0.317, 1.0)		1.0
(-1.32, -0.088, 1.0)		1.0
(-0.695, -0.736, -1.0)		-1.0
(0.916, 1.63, -1.0)		1.0
(0.974, 0.512, -1.0)		-1.0
(-0.567, -1.7, -1.0)		-1.0
(1.38, 0.749, -1.0)		-1.0
(0.521, -1.04, -1.0)		-1.0
(1.13, 0.429, -1.0)		-1.0
(-0.511, 1.5, -1.0)		-1.0
(1.46, -0.91, 1.0)		1.0
(1.67, 0.0877, -1.0)		-1.0
(-0.965, -0.978, -1.0)		-1.0
(-2.0, -1.72, 1.0)		1.0
(-1.43, -1.02, 1.0)		1.0
(0.739, 0.139, 1.0)		1.0
(0.369, 0.49, 1.0)		1.0
(-1.64, -1.8, 1.0)		1.0
(-1.31, -0.498, 1.0)		1.0
(0.44, 0.9, -1.0)		-1.0
(-1.59, -1.36, 1.0)		1.0
(-0.724, 0.215, 1.0)		1.0
(1.33, 1.43, 1.0)		1.0
(-0.91, -0.607, 1.0)		1.0
(1.19, 0.997, -1.0)		-1.0
(-0.914, 0.425, 1.0)		1.0
(1.11, 0.375, -1.0)		-1.0
(-1.46, -0.298, 1.0)		1.0
(-0.328, 0.232, 1.0)		1.0
(0.941, -0.789, 1.0)		1.0
(-1.82, 0.885, -1.0)		-1.0
(0.0949, -1.56, -1.0)		-1.0
(0.874, -0.769, 1.0)		1.0
(-0.967, 0.592, -1.0)		-1.0
(0.803, 1.35, -1.0)		-1.0
(-0.521, 0.726, 1.0)		1.0
(-0.76, -0.698, 1.0)		-1.0
(-2.25, -1.96, 1.0)		1.0
(-0.749, 0.0101, 1.0)		1.0
(-0.00626, -0.959, -1.0)		-1.0
(1.01, -0.984, 1.0)		1.0
(0.198, -1.19, -1.0)		-1.0
(0.544, 1.63, 1.0)		-1.0
(-0.213, 0.259, 1.0)		1.0
(-0.729, 1.37, -1.0)		-1.0
(0.112, 0.0285, 1.0)		1.0
(-0.968, -0.912, -1.0)		-1.0
(-0.566, -1.33, -1.0)		-1.0
(-0.271, 1.59, -1.0)		-1.0
(1.56, -0.367, 1.0)		-1.0
(0.897, 1.07, -1.0)		-1.0
(1.39, -0.498, -1.0)		-1.0
(0.0968, -0.225, 1.0)		1.0
(0.374, 0.966, -1.0)		-1.0
(-0.791, -1.26, -1.0)		-1.0
(0.615, 0.558, -1.0)		-1.0
(-0.391, 0.181, 1.0)		1.0
(-0.153, -1.2, -1.0)		-1.0
(0.298, 0.509, 1.0)		1.0
(0.557, -1.04, 1.0)		-1.0
(-0.109, -1.07, -1.0)		-1.0
(0.412, -0.124, 1.0)		1.0
(-1.55, -1.47, 1.0)		1.0
(1.9, 1.27, 1.0)		1.0
(0.838, -0.115, 1.0)		1.0
(0.243, 1.61, -1.0)		-1.0
(0.48, -1.1, -1.0)		-1.0
(0.854, -0.537, 1.0)		1.0
(-0.00294, 0.513, 1.0)		1.0
(1.34, 0.878, -1.0)		-1.0
(0.00865, -0.918, -1.0)		-1.0
(1.82, -0.643, -1.0)		-1.0
(-0.212, -1.18, -1.0)		-1.0
(0.823, -1.21, -1.0)		1.0
(-0.835, -1.06, -1.0)		-1.0
(-0.536, 1.05, -1.0)		-1.0
(-1.53, -1.21, 1.0)		1.0
(0.352, 0.333, 1.0)		1.0
(-1.09, 0.531, -1.0)		1.0
(0.709, 0.872, -1.0)		-1.0
(1.54, 1.75, 1.0)		1.0
(-1.87, -0.555, 1.0)		1.0
(-0.282, 1.78, 1.0)		-1.0
(0.428, -0.494, 1.0)		1.0
(0.923, 0.933, -1.0)		-1.0
(-1.21, -0.409, 1.0)		1.0
(-1.31, 0.175, 1.0)		1.0
(-0.753, -0.321, 1.0)		1.0
(0.614, -1.46, -1.0)		-1.0
(-0.598, -1.35, -1.0)		-1.0
(-1.15, -0.0498, 1.0)		1.0
(1.6, -1.36, 1.0)		1.0
(-0.902, -0.36, 1.0)		1.0
(-0.66, -0.0708, 1.0)		1.0
(2.57, 0.989, 1.0)		1.0
(-1.13, -0.0634, 1.0)		1.0
(-1.01, -0.397, 1.0)		1.0
(1.43, -1.21, 1.0)		1.0
(1.0, 0.254, -1.0)		-1.0
(-0.103, -0.414, 1.0)		1.0
(-0.969, 1.02, -1.0)		-1.0
(1.09, 1.03, -1.0)		-1.0
(1.08, 0.0163, -1.0)		-1.0
(1.44, -1.7, 1.0)		1.0
(-2.02, -0.792, 1.0)		1.0
(1.17, 0.511, -1.0)		-1.0
(0.0403, -1.51, -1.0)		-1.0
(0.931, 0.783, -1.0)		-1.0
(0.824, 0.587, 1.0)		-1.0
(-0.0957, -1.06, -1.0)		-1.0
(1.05, 0.472, -1.0)		-1.0
(-0.268, -1.52, -1.0)		-1.0
(1.35, 0.229, -1.0)		-1.0
(-1.4, 0.475, -1.0)		-1.0
(-1.34, -0.419, 1.0)		1.0
(-0.523, -1.31, -1.0)		-1.0
(1.18, 1.49, -1.0)		1.0
(0.566, 0.0815, 1.0)		1.0
(0.34, -1.34, -1.0)		-1.0
(0.578, -0.622, 1.0)		1.0
(0.753, 1.89, 1.0)		-1.0
(-0.184, -0.0314, 1.0)		1.0
(0.56, 1.7, 1.0)		-1.0
(1.07, 0.457, -1.0)		-1.0
(-0.613, 0.775, 1.0)		-1.0
(0.819, 0.0462, 1.0)		1.0
(1.11, -0.0628, -1.0)		-1.0
(-1.61, -1.13, 1.0)		1.0
(1.06, -0.0531, 1.0)		-1.0
(0.764, -0.804, 1.0)		1.0
(0.226, -1.38, -1.0)		-1.0
(-1.19, 1.01, -1.0)		-1.0
(1.25, -0.118, -1.0)		-1.0
(-1.76, -1.17, 1.0)		1.0
(-0.234, -0.656, 1.0)		-1.0
(-1.45, -1.29, 1.0)		1.0
(0.234, -0.822, 1.0)		1.0
(-1.84, -0.865, 1.0)		1.0
(-1.63, -1.32, 1.0)		1.0
(-0.715, -0.969, -1.0)		-1.0
(0.0973, -1.33, -1.0)		-1.0
(-0.551, 0.288, 1.0)		1.0
(1.39, -0.013, -1.0)		-1.0
(0.215, -1.66, -1.0)		-1.0
(0.0224, 1.43, 1.0)		-1.0
(-0.338, -1.33, -1.0)		-1.0
(-0.693, -0.113, 1.0)		1.0
(0.0533, -1.02, -1.0)		-1.0
(-0.153, -1.22, -1.0)		-1.0
(-1.18, 0.0302, 1.0)		1.0
(1.15, 0.329, -1.0)		-1.0
(1.31, -1.4, 1.0)		1.0
(-0.285, 1.98, -1.0)		-1.0
(1.06, -0.0553, 1.0)		-1.0
(-0.904, -0.203, 1.0)		1.0
(0.661, -0.199, 1.0)		1.0
(0.896, -1.27, 1.0)		1.0
(-1.54, -0.618, 1.0)		1.0
(1.29, -0.657, 1.0)		1.0
(-1.67, -1.5, 1.0)		1.0
(-1.36, -0.848, 1.0)		1.0
(1.98, -0.0252, -1.0)		-1.0
(0.485, 0.635, -1.0)		-1.0
(-0.674, 0.842, -1.0)		-1.0
(0.722, -0.975, 1.0)		-1.0
(1.02, -0.625, 1.0)		1.0
(1.26, -0.181, 1.0)		-1.0
(-0.658, -1.31, -1.0)		-1.0
(-0.405, -1.25, -1.0)		-1.0
(1.27, 0.493, -1.0)		-1.0
(0.933, -0.277, 1.0)		1.0
(-0.815, -0.682, 1.0)		1.0
(-1.51, -0.769, 1.0)		1.0
(0.117, -1.07, -1.0)		-1.0
(0.384, 2.15, -1.0)		-1.0
(-1.32, 1.1, -1.0)		-1.0
(1.2, -1.65, 1.0)		1.0
(0.0529, 1.52, -1.0)		-1.0
(1.46, 0.0373, -1.0)		-1.0
(-0.607, -1.6, -1.0)		-1.0
(-1.06, -0.549, 1.0)		1.0
(-1.39, 0.862, -1.0)		-1.0
(0.527, 0.51, 1.0)		-1.0
(1.15, -0.451, 1.0)		1.0
(-0.171, 0.0105, 1.0)		1.0
(-1.63, 0.524, -1.0)		-1.0
(2.2, -0.665, -1.0)		-1.0
(0.826, 1.42, -1.0)		1.0
(-0.138, -0.0524, 1.0)		1.0
(-0.754, 1.19, -1.0)		-1.0
(0.0574, -0.134, 1.0)		1.0
(0.877, 0.161, -1.0)		-1.0
(1.17, 0.446, -1.0)		-1.0
(0.647, 0.317, -1.0)		-1.0
(-1.73, -0.242, 1.0)		1.0
(0.631, -0.674, 1.0)		1.0
(-0.973, -0.047, 1.0)		1.0
(-0.4, 0.00463, 1.0)		1.0
(-1.14, -1.27, 1.0)		-1.0
(0.42, 1.1, -1.0)		-1.0
(0.43, -0.654, 1.0)		1.0
(1.49, 0.365, -1.0)		-1.0
(-0.643, 1.68, -1.0)		-1.0
(0.698, -0.655, 1.0)		1.0
(-0.222, 2.47, -1.0)		-1.0
(-1.22, -0.0961, 1.0)		1.0
(-0.276, 1.05, -1.0)		-1.0
(-0.253, -0.406, 1.0)		1.0
(-1.38, 0.678, -1.0)		-1.0
(-1.13, -0.443, 1.0)		1.0
(1.3, 0.175, -1.0)		-1.0
(1.64, 1.46, 1.0)		1.0
(1.48, 1.78, 1.0)		1.0
(-1.61, -0.363, 1.0)		1.0
(-1.52, -1.23, 1.0)		1.0
(-0.0657, -1.19, -1.0)		-1.0
(-0.653, 0.433, 1.0)		1.0
(2.48, 1.21, 1.0)		1.0
(-0.959, 1.08, -1.0)		-1.0
(0.842, -0.372, 1.0)		1.0
(-0.402, -1.11, -1.0)		-1.0
(-0.291, 0.561, 1.0)		1.0
(-1.02, -0.224, 1.0)		1.0
(0.45, -0.104, 1.0)		1.0
(-1.88, -0.454, 1.0)		1.0
(-0.582, -0.752, 1.0)		-1.0
(-0.594, 1.24, -1.0)		-1.0
(-1.49, -0.00325, 1.0)		1.0
(0.552, 1.04, -1.0)		-1.0
(1.06, 0.443, -1.0)		-1.0
(0.406, -0.707, 1.0)		1.0
(1.15, 0.0436, 1.0)		-1.0
(0.612, 1.37, -1.0)		-1.0
(1.1, 0.508, -1.0)		-1.0
(1.1, 0.604, -1.0)		-1.0
(-0.753, 1.18, -1.0)		-1.0
(-1.13, 0.411, 1.0)		1.0
(-0.872, 0.26, 1.0)		1.0
(-0.415, 0.256, 1.0)		1.0
(0.801, -0.639, 1.0)		1.0
(0.762, 0.125, 1.0)		1.0
(0.0343, -1.18, -1.0)		-1.0
(0.524, -0.231, 1.0)		1.0
(-0.0262, -1.18, -1.0)		-1.0
(-1.47, -0.0358, 1.0)		1.0
(1.29, 0.152, -1.0)		-1.0
(-0.851, 0.189, 1.0)		1.0
(-0.961, 1.0, -1.0)		-1.0
(-0.776, 0.127, 1.0)		1.0
(-0.674, -0.62, 1.0)		-1.0
(0.244, -0.69, 1.0)		1.0
(-0.974, 0.511, 1.0)		1.0
(0.37, 1.03, -1.0)		-1.0
(-1.98, -0.88, 1.0)		1.0
(0.308, 0.117, 1.0)		1.0
(-1.62, 0.468, -1.0)		-1.0
(-0.843, -1.08, -1.0)		-1.0
(1.0, 1.17, -1.0)		-1.0
(-0.954, 0.687, 1.0)		-1.0
(0.768, -0.966, 1.0)		1.0
(1.64, 1.12, 1.0)		1.0
(-1.7, -0.554, 1.0)		1.0
(0.404, 0.00999, 1.0)		1.0
(0.704, -0.906, 1.0)		-1.0
(0.335, 1.39, 1.0)		-1.0
(-1.7, -0.569, 1.0)		1.0
(2.64, 1.14, 1.0)		1.0
(0.769, 0.772, -1.0)		-1.0
(-0.255, -0.142, 1.0)		1.0
