(0.3, 1.64, 2.633, -0.795, 0.0, 0.0)		0.0
(0.111, 0.59, 0.694, 2.544, 0.0, 0.0)		0.0
(2.747, 0.745, -0.119, -0.066, 0.05, 0.0)		0.0
(0.343, 0.927, 1.783, 1.192, 1.546, 1.0)		1.0
(0.198, 0.67, 0.768, -0.384, 1.48, 1.0)		0.0
(-0.188, 1.167, 2.054, -0.745, -0.373, 0.0)		0.0
(0.192, 1.173, 2.29, -0.695, -0.374, 0.0)		0.0
(0.367, 0.51, 0.946, 0.886, 0.64, 1.0)		0.0
(0.539, 2.177, 2.151, -0.598, -0.311, 0.0)		0.0
(0.922, 2.302, -0.467, 0.227, -0.127, 0.0)		0.0
(0.188, 0.518, 0.22, 0.999, 1.675, 1.0)		0.0
(1.257, 2.24, -0.391, 0.233, -0.237, 0.0)		0.0
(1.116, 2.458, -0.385, 0.228, -0.124, 0.0)		0.0
(0.233, 0.473, 1.178, 1.742, 0.843, 0.0)		0.0
(-0.111, 0.672, 1.457, 0.993, 0.0, 0.0)		0.0
(0.413, 0.945, 2.874, 0.998, -0.369, 0.0)		0.0
(1.304, 2.081, -0.348, -0.199, 0.177, 0.0)		0.0
(1.509, 1.557, 0.482, 0.283, -0.169, 0.0)		0.0
(0.155, 0.328, 0.534, 1.662, -0.889, 1.0)		0.0
(0.25, 0.891, 0.891, 2.313, 0.0, 1.0)		1.0
(0.395, 2.376, -0.59, 0.499, -0.181, 0.0)		0.0
(1.902, 0.911, 0.354, 0.189, -0.293, 0.0)		0.0
(0.128, 0.5, 0.428, 1.026, 1.031, 0.0)		0.0
(0.698, 1.875, -0.351, 0.173, -0.081, 0.0)		0.0
(1.318, 2.763, -0.478, -0.173, -0.125, 0.0)		0.0
(0.259, 0.381, 0.92, 2.362, -0.833, 0.0)		0.0
(0.252, 1.139, 3.111, -0.832, 0.0, 0.0)		0.0
(1.146, 2.519, -0.43, -0.18, 0.125, 0.0)		0.0
(0.133, 0.604, 1.496, 2.193, 0.0, 0.0)		0.0
(0.389, 2.243, -0.387, 0.28, -0.114, 0.0)		0.0
(0.215, 0.523, 0.517, 1.435, -0.934, 1.0)		1.0
(0.351, 0.607, 2.578, 0.819, 0.353, 0.0)		1.0
(0.591, 1.23, 1.482, 0.806, 1.528, 1.0)		1.0
(0.405, 2.204, 0.864, 0.482, 1.072, 0.0)		0.0
(2.915, 0.596, 0.294, -0.075, 0.066, 0.0)		0.0
(0.245, 0.521, 0.79, 1.135, 1.037, 1.0)		0.0
(0.964, 1.478, 1.244, 0.845, 1.184, 1.0)		1.0
(0.911, 1.413, 1.862, 1.071, -0.4, 1.0)		1.0
(0.354, 2.077, 1.173, -0.609, 1.314, 0.0)		0.0
(0.099, 0.466, 1.088, 1.861, 0.0, 0.0)		0.0
(0.93, 1.519, 1.315, 0.766, 1.126, 1.0)		1.0
(0.738, 1.888, 0.451, 0.261, -0.261, 0.0)		0.0
(0.18, 0.636, 0.731, 1.762, -0.725, 0.0)		0.0
(0.119, 0.654, 0.257, 0.404, 0.873, 1.0)		0.0
(0.383, 0.394, 1.807, 1.108, -0.72, 1.0)		1.0
(0.582, 0.401, 1.882, 1.017, 0.0, 1.0)		1.0
(0.108, 0.397, 0.45, 0.421, -0.36, 1.0)		0.0
(1.988, 0.97, 0.184, 0.141, 0.128, 0.0)		0.0
(0.966, 1.848, 1.467, 0.741, 0.612, 1.0)		1.0
(0.422, 1.671, 1.491, 0.617, 0.503, 0.0)		0.0
(0.659, 1.461, 1.744, 0.666, -0.268, 0.0)		0.0
(0.642, 2.501, 0.739, 0.526, -0.199, 0.0)		0.0
(2.431, 0.278, 0.102, 0.083, 0.086, 0.0)		0.0
(2.53, -0.211, 0.213, 0.152, -0.058, 0.0)		0.0
(0.773, 3.556, -0.662, -0.25, -0.14, 0.0)		0.0
(1.123, 2.281, -0.331, 0.287, -0.174, 0.0)		0.0
(1.363, 1.641, 1.936, -0.367, -0.153, 1.0)		1.0
(0.864, 2.73, -0.456, -0.199, -0.122, 0.0)		0.0
(0.494, 1.763, 1.245, 0.454, -0.188, 0.0)		0.0
(0.123, 0.469, -0.863, 2.082, -0.998, 0.0)		0.0
(0.982, 2.136, -0.403, -0.151, -0.105, 0.0)		0.0
(0.195, 1.464, 1.667, 0.714, -0.627, 0.0)		0.0
(1.071, 2.521, -0.346, -0.152, -0.208, 0.0)		0.0
(1.894, 0.463, 0.43, 0.257, 0.292, 0.0)		0.0
(-0.321, -0.599, 1.496, 0.806, -0.366, 1.0)		0.0
(0.103, 0.427, 0.643, 1.374, 0.984, 1.0)		1.0
(0.292, 1.056, 2.459, -0.652, -0.338, 0.0)		0.0
(0.407, 2.613, 2.02, -0.406, -0.186, 1.0)		0.0
(0.307, 2.799, 0.713, 0.388, -0.305, 0.0)		0.0
(3.009, 0.349, 1.192, -0.276, -0.115, 0.0)		0.0
(0.221, 1.146, 2.658, -0.742, -0.419, 0.0)		0.0
(0.63, 1.0, 1.738, 1.238, 1.264, 1.0)		1.0
(0.492, 1.782, 1.24, 0.448, -0.192, 0.0)		0.0
(0.53, 0.921, 2.206, -0.81, 0.587, 1.0)		0.0
(0.325, 0.779, 0.955, -1.354, 0.0, 0.0)		1.0
(1.035, 1.538, 1.081, -0.549, -0.202, 1.0)		0.0
(0.371, 2.472, 2.174, -0.429, -0.19, 1.0)		0.0
(0.064, 0.279, 0.342, -0.607, 2.128, 0.0)		0.0
(0.092, 0.413, 0.687, 0.0, 0.0, 1.0)		0.0
(1.04, 0.784, -0.154, 0.067, 0.0, 0.0)		0.0
(0.676, 2.231, 1.364, 1.144, -0.307, 1.0)		1.0
(-0.247, 0.524, 1.13, 1.935, -0.977, 1.0)		0.0
(2.474, 0.334, 0.207, 0.208, -0.063, 0.0)		0.0
(0.647, 0.483, 0.776, 1.912, -0.599, 0.0)		0.0
(0.139, 0.384, 0.803, 1.56, 1.075, 0.0)		1.0
(1.102, 0.874, 1.714, 0.641, -0.258, 1.0)		1.0
(1.469, 1.318, 1.68, -0.469, -0.167, 1.0)		0.0
(0.436, 0.574, 1.057, 2.314, 0.0, 1.0)		0.0
(3.137, 1.237, -0.209, 0.443, -0.148, 0.0)		0.0
(0.266, 1.875, 1.111, 0.837, -0.38, 0.0)		0.0
(0.499, 2.983, -0.67, 0.396, -0.158, 0.0)		0.0
(0.834, 2.202, 1.692, 0.436, -0.182, 1.0)		0.0
(0.239, 0.753, -0.972, 1.907, 0.0, 1.0)		1.0
(0.19, 0.846, 0.769, 1.299, 0.877, 1.0)		1.0
(0.824, 1.346, 0.779, 0.365, 0.839, 1.0)		0.0
(0.235, 0.368, 0.404, 1.219, 2.13, 0.0)		1.0
(3.078, 0.339, 0.199, 0.211, -0.089, 0.0)		0.0
(-0.202, 2.328, 0.991, 0.592, 0.0, 0.0)		0.0
(0.528, 1.671, 1.743, 1.062, -0.239, 1.0)		0.0
(0.907, 1.536, -0.369, -0.114, 0.0, 0.0)		0.0
(0.907, 1.536, 0.369, 0.114, 0.0, 0.0)		0.0
(-1.046, -1.081, -0.35, -0.149, -0.126, 0.0)		0.0
(0.229, 2.527, -0.58, 0.246, 0.162, 0.0)		0.0
(0.137, 0.894, 2.211, -0.765, 0.0, 0.0)		0.0
(-0.104, -0.52, 1.525, -0.945, 0.0, 0.0)		0.0
(0.123, 0.915, 0.777, 1.984, -0.806, 1.0)		1.0
(0.446, 0.769, 1.029, 1.576, -0.504, 1.0)		0.0
(0.624, 1.052, 1.45, 1.287, 1.331, 1.0)		1.0
(0.292, 2.187, 2.055, 0.686, 0.0, 0.0)		0.0
(0.558, 0.474, 2.098, 0.861, 1.547, 1.0)		1.0
(0.95, 0.555, 1.311, 1.481, 1.495, 1.0)		1.0
(0.455, 0.842, 1.864, -0.622, 1.512, 1.0)		1.0
(0.669, 2.047, 0.887, -0.248, -0.124, 0.0)		0.0
(0.608, 3.531, -0.689, 0.293, -0.151, 0.0)		0.0
(0.361, 2.402, 1.027, -0.654, 1.309, 0.0)		0.0
(1.633, 1.148, 0.444, -0.309, 1.274, 0.0)		0.0
(0.714, 1.3, 1.784, -0.571, -0.206, 0.0)		0.0
(3.229, 0.401, 0.451, 0.717, -0.291, 0.0)		0.0
(0.242, 0.859, 2.259, -0.688, 0.0, 0.0)		0.0
(3.154, 0.61, -0.149, -0.08, -0.049, 0.0)		0.0
(0.267, 1.123, 1.753, -0.485, -0.25, 0.0)		0.0
(0.193, 1.147, 1.688, -0.523, -0.188, 0.0)		0.0
(0.637, 3.102, -0.465, -0.27, -0.21, 0.0)		0.0
(2.841, 0.346, 0.273, 0.154, -0.079, 0.0)		0.0
(0.253, 1.317, 1.506, -0.454, -0.214, 0.0)		0.0
(0.207, 0.309, 0.63, 1.796, 1.316, 1.0)		1.0
(2.703, -0.236, 0.189, 0.119, -0.143, 0.0)		0.0
(2.815, 0.989, 0.485, 0.537, 0.408, 0.0)		0.0
(0.983, 1.849, -0.384, -0.181, -0.116, 1.0)		0.0
(2.772, -0.26, -0.115, -0.086, 0.134, 0.0)		0.0
(0.413, 1.597, 2.578, -0.55, -0.304, 0.0)		0.0
(0.094, 0.508, 1.107, 2.071, -0.789, 0.0)		0.0
(0.738, 1.981, -0.297, 0.193, -0.118, 0.0)		0.0
(-0.235, 1.703, 0.826, 0.721, 0.0, 0.0)		0.0
(0.418, 2.521, -0.509, 0.42, -0.151, 0.0)		0.0
(0.401, 0.831, 1.93, -1.208, -0.434, 0.0)		0.0
(1.048, 1.933, -0.333, -0.127, 0.118, 0.0)		0.0
(1.462, 1.329, 0.322, -0.099, 0.112, 0.0)		0.0
(2.342, 0.498, 0.256, 0.1, 0.076, 0.0)		0.0
(2.217, -0.195, 0.139, 0.103, 0.09, 0.0)		0.0
(1.237, 1.274, -0.234, -0.1, -0.061, 0.0)		0.0
(0.385, 2.497, 0.684, 0.532, -0.406, 0.0)		0.0
(1.203, 1.319, 0.321, 0.196, 0.163, 0.0)		0.0
(1.846, 0.267, -0.077, 0.09, -0.08, 0.0)		0.0
(0.291, 0.858, 1.77, 0.806, 0.509, 0.0)		1.0
(1.518, 1.187, 0.444, 0.248, -0.18, 0.0)		0.0
(0.403, 1.026, 1.205, 1.809, 1.525, 1.0)		1.0
(1.302, 1.719, -0.343, -0.388, 1.409, 0.0)		0.0
(0.106, 0.767, 1.795, 0.842, 0.416, 0.0)		1.0
(1.284, 2.927, -0.485, -0.241, -0.213, 0.0)		0.0
(0.069, -0.166, 0.428, -0.408, 0.0, 1.0)		0.0
(0.44, 1.846, 0.747, 0.244, 0.124, 0.0)		0.0
(0.625, 2.31, -0.523, -0.207, -0.101, 0.0)		0.0
(0.14, 0.847, 2.251, -0.703, -0.562, 0.0)		0.0
(0.479, 2.219, 2.076, -0.524, -0.247, 0.0)		0.0
(0.998, 2.334, -0.467, -0.223, -0.137, 0.0)		0.0
(0.965, 2.072, 1.305, 0.583, 0.856, 0.0)		1.0
(0.609, 0.63, 1.411, 0.539, -0.389, 1.0)		1.0
(0.273, 1.982, 1.041, 0.567, -0.411, 0.0)		0.0
(0.648, 0.754, 1.926, 1.265, -0.528, 1.0)		1.0
(2.877, 0.52, -0.129, 0.13, -0.057, 0.0)		0.0
(0.337, 0.682, 0.799, 2.159, 1.867, 1.0)		1.0
(1.814, 1.24, -0.234, 0.129, 0.093, 0.0)		0.0
(0.981, 2.208, 0.604, 1.5, -0.439, 0.0)		0.0
(0.639, 2.884, 0.871, -0.377, -0.143, 0.0)		0.0
(0.262, 2.524, -0.395, 0.238, 0.168, 0.0)		0.0
(1.177, 2.212, 1.194, 0.66, -0.401, 0.0)		0.0
(1.909, 1.432, 0.26, 0.129, -0.074, 0.0)		0.0
(-0.217, 0.793, -0.519, 1.583, -0.768, 1.0)		1.0
(0.336, 1.536, 2.01, -0.623, -0.394, 0.0)		0.0
(0.598, 1.798, 0.479, -0.177, 0.0, 0.0)		0.0
(0.592, 2.258, -0.442, 0.295, -0.231, 0.0)		0.0
(0.929, 2.558, -0.44, -0.369, 0.716, 0.0)		0.0
(0.151, 0.509, 0.505, -0.312, 0.944, 1.0)		1.0
(0.484, 2.633, 0.917, -0.305, 0.163, 0.0)		0.0
(0.284, 1.099, 2.571, -0.796, 0.434, 0.0)		0.0
(0.111, 0.397, 0.8, 0.683, 0.0, 1.0)		1.0
(-0.05, 0.42, 0.923, -0.357, -0.357, 1.0)		0.0
(2.602, 0.423, -0.144, -0.08, 0.119, 0.0)		0.0
(0.608, 1.52, -0.344, -0.129, -0.074, 0.0)		0.0
(1.677, 0.791, -0.41, 2.004, -0.434, 0.0)		0.0
(0.66, 1.695, 0.99, 0.264, 0.15, 0.0)		0.0
(1.014, 0.491, 1.761, 0.847, -0.239, 1.0)		1.0
(0.661, 0.798, 1.355, 0.796, -1.107, 1.0)		1.0
(0.825, 2.156, 1.007, 1.281, -0.436, 1.0)		0.0
(1.258, 1.761, 0.45, -0.319, 1.599, 0.0)		0.0
(0.336, 1.17, 1.625, 0.783, -0.39, 0.0)		0.0
(2.433, 0.617, 0.251, 1.041, -0.309, 0.0)		0.0
(0.371, 0.961, 2.531, -0.704, -0.379, 0.0)		0.0
(0.927, 2.496, 1.039, 0.798, -0.242, 1.0)		1.0
(1.59, 2.24, 0.711, -0.188, 0.197, 0.0)		0.0
(1.798, 1.78, -0.332, -0.14, -0.103, 0.0)		0.0
(0.737, 2.504, -0.467, 0.255, -0.257, 0.0)		0.0
(0.238, 1.615, 1.22, -0.487, 0.0, 0.0)		0.0
(-0.314, -0.724, -0.463, -0.163, -0.101, 0.0)		0.0
(0.17, 0.581, 1.363, 1.124, 0.0, 0.0)		0.0
(0.302, 2.12, -0.337, -0.184, -0.11, 0.0)		0.0
(0.205, 1.163, 1.643, -0.499, -0.2, 0.0)		0.0
(0.383, 0.711, 2.162, 0.79, 0.636, 1.0)		1.0
(0.762, 3.019, -0.482, -0.194, 0.187, 0.0)		0.0
(0.979, 1.247, 0.73, 1.861, -0.517, 0.0)		1.0
(0.266, 0.593, 0.835, -0.569, 1.956, 0.0)		0.0
(0.224, 0.558, 0.638, 1.559, 0.0, 1.0)		1.0
(2.347, 0.928, 0.413, -0.108, -0.065, 0.0)		0.0
(2.475, 1.325, 0.652, 0.697, -0.201, 0.0)		0.0
(0.126, 0.436, 0.541, 1.177, 1.25, 0.0)		1.0
(0.522, 1.165, 2.095, -0.565, -0.24, 0.0)		0.0
(0.912, 1.59, 0.28, 0.121, 0.067, 0.0)		0.0
(1.126, 0.909, 2.506, -0.595, -0.353, 1.0)		1.0
(0.619, 3.052, 0.601, 0.951, -0.329, 0.0)		1.0
(0.096, 0.61, 0.542, 0.591, 0.749, 0.0)		0.0
(0.11, 0.626, 0.914, 2.22, 0.0, 1.0)		1.0
(1.21, 1.167, 2.284, -0.457, -0.185, 0.0)		0.0
(0.629, 2.626, -0.606, -0.245, -0.158, 0.0)		0.0
(1.15, 2.51, -0.45, 0.659, 0.548, 0.0)		0.0
(0.173, 0.673, 0.755, 1.377, 0.732, 1.0)		1.0
(1.532, 1.411, 0.457, 0.28, -0.155, 0.0)		0.0
(1.021, 0.494, 1.73, 0.887, -0.244, 1.0)		1.0
(0.427, -1.045, -1.089, -0.444, -0.286, 0.0)		0.0
(2.721, 0.652, -0.1, -0.063, 0.056, 0.0)		0.0
(2.954, 0.435, -0.11, 0.086, -0.061, 0.0)		0.0
(2.515, 0.35, 0.845, 1.463, -0.372, 0.0)		0.0
(0.212, 0.656, 0.907, 1.481, 0.0, 0.0)		0.0
(0.414, 2.107, 1.243, 0.686, 0.0, 0.0)		0.0
(0.231, 0.661, 2.467, 1.153, 1.191, 1.0)		1.0
(1.678, 1.266, 0.522, 0.394, -0.206, 0.0)		0.0
(0.273, 1.057, 1.926, 1.731, 0.0, 0.0)		0.0
(0.283, 1.349, 0.535, -0.203, -0.119, 0.0)		0.0
(0.628, 2.801, 0.76, 0.493, 0.981, 0.0)		0.0
(0.284, 0.923, 0.672, 0.668, 0.874, 1.0)		1.0
(0.245, 1.0, 3.109, -0.767, -0.36, 0.0)		0.0
(0.591, 1.121, 1.492, -0.657, 1.705, 1.0)		1.0
(2.767, 0.315, 1.166, -0.304, 0.269, 0.0)		0.0
(0.172, 0.391, 0.64, 1.694, 0.0, 0.0)		0.0
(0.184, 1.203, 2.459, -0.691, -0.384, 0.0)		0.0
(1.117, 2.55, -0.458, -0.222, -0.135, 0.0)		0.0
(0.412, 1.746, -0.37, -0.183, -0.103, 0.0)		0.0
(-0.233, 0.69, 1.364, -0.778, -0.532, 0.0)		1.0
(0.569, 0.909, 2.019, -0.531, -0.226, 1.0)		0.0
(0.948, 2.4, -0.397, 0.42, 1.126, 0.0)		0.0
(0.265, 2.037, 0.992, 0.625, 0.0, 0.0)		0.0
(0.155, 0.687, 1.305, 1.694, 0.0, 1.0)		0.0
(0.251, 0.542, 0.61, -0.615, 0.0, 0.0)		0.0
(0.202, 1.502, 2.04, 0.897, 0.0, 0.0)		0.0
(0.161, 0.678, 0.809, 2.134, -0.854, 1.0)		1.0
(0.936, 2.357, 1.622, 0.519, -0.174, 1.0)		1.0
(1.843, 1.023, 0.369, 0.204, -0.137, 0.0)		0.0
(0.325, 0.765, 0.736, 1.373, -0.677, 1.0)		1.0
(0.553, 0.38, 1.665, 0.714, 0.69, 1.0)		1.0
(0.35, 1.239, 2.361, -0.652, 0.566, 0.0)		0.0
(0.612, 0.593, 1.924, 1.406, 1.257, 1.0)		1.0
(0.518, 1.251, -0.303, -0.118, -0.073, 0.0)		0.0
(3.026, -0.273, 0.17, 0.27, -0.095, 0.0)		0.0
(0.314, 1.186, 1.595, 1.327, -0.623, 1.0)		1.0
(0.371, 2.428, 0.809, 0.357, 0.204, 0.0)		0.0
(0.544, 2.081, 0.904, 0.603, -0.404, 1.0)		0.0
(0.157, 0.985, 2.493, -0.747, 0.0, 0.0)		0.0
(0.744, 0.889, 1.878, 1.601, -0.768, 1.0)		1.0
(0.511, 1.961, 1.2, -0.342, 0.0, 0.0)		0.0
(0.556, 3.059, 1.234, 0.61, -0.238, 0.0)		0.0
(0.471, 1.471, 1.614, 1.503, -0.515, 1.0)		1.0
(0.501, 2.669, -0.603, 0.308, -0.146, 0.0)		0.0
(3.258, 0.541, 0.207, -0.17, 0.648, 0.0)		0.0
(0.265, 1.666, 0.753, 0.37, 0.0, 0.0)		0.0
(0.175, 0.414, 0.364, 1.345, -0.857, 1.0)		1.0
(0.623, 2.432, -0.495, -0.203, 0.186, 0.0)		0.0
(0.245, 0.624, 2.375, 1.077, 0.457, 0.0)		0.0
(1.988, 1.974, 0.622, -0.18, -0.101, 0.0)		0.0
(0.281, 2.246, 0.648, 0.255, 0.281, 0.0)		0.0
(0.225, 0.852, 0.534, 1.811, -1.058, 1.0)		1.0
(0.489, 2.921, -0.47, 0.255, -0.161, 0.0)		0.0
(1.322, 1.284, 2.042, -0.441, -0.179, 1.0)		0.0
(0.119, 0.604, 0.831, 2.457, -0.836, 0.0)		0.0
(0.096, 0.62, 1.14, 1.164, 0.0, 1.0)		1.0
(0.773, 2.061, -0.344, -0.179, -0.115, 0.0)		0.0
(0.284, 1.424, 2.617, -0.685, -0.308, 0.0)		0.0
(1.313, 1.232, 0.433, 0.375, -0.391, 0.0)		0.0
(1.305, 2.225, -0.353, -0.203, 0.18, 0.0)		0.0
(1.757, 0.972, 0.866, 1.579, -0.449, 0.0)		0.0
(0.826, 1.872, -0.313, 0.232, -0.322, 0.0)		0.0
(0.136, 0.679, 0.46, 0.663, 0.73, 0.0)		0.0
(0.156, 0.564, 1.35, 1.842, 0.0, 0.0)		0.0
(3.097, 0.575, 0.228, 0.275, -0.077, 0.0)		0.0
(1.114, 2.285, -0.409, 0.266, 1.002, 0.0)		0.0
(0.306, 1.124, 0.888, 1.904, -0.735, 1.0)		0.0
(0.567, 1.886, 1.179, 0.363, -0.154, 0.0)		0.0
(0.109, 0.472, 0.772, 0.685, 0.638, 1.0)		0.0
(2.241, 0.78, 0.341, -0.092, -0.053, 0.0)		0.0
(0.242, 0.797, 1.295, 1.68, 0.0, 1.0)		0.0
(0.204, 0.417, 0.705, 1.823, 1.688, 1.0)		0.0
(1.101, 2.678, -0.468, 0.32, 0.365, 0.0)		0.0
(0.521, 1.331, 2.356, 0.887, -0.3, 1.0)		1.0
(0.452, 2.425, 1.323, 0.685, 0.0, 0.0)		0.0
(0.122, 0.434, 1.069, 2.338, 0.0, 0.0)		0.0
(0.327, 1.618, -0.42, 0.321, -0.126, 0.0)		0.0
(0.269, 0.362, 0.661, 2.266, -0.705, 0.0)		0.0
(1.075, 2.002, 0.578, 1.461, -0.355, 0.0)		0.0
(1.392, 1.632, -0.259, -0.102, 0.09, 0.0)		0.0
(0.666, 1.782, -0.37, -0.137, -0.079, 0.0)		0.0
(0.068, 0.272, 0.47, 1.286, 0.0, 0.0)		0.0
(0.597, 1.132, 1.895, -0.601, -0.231, 1.0)		1.0
(0.778, 1.791, -0.416, 0.277, -0.263, 1.0)		0.0
(1.347, 0.967, -0.186, 0.094, 0.0, 0.0)		0.0
(1.398, 1.223, 0.327, 0.217, -0.1, 0.0)		0.0
(0.114, 0.591, 0.939, 0.909, 0.0, 1.0)		1.0
(0.596, 0.496, 1.501, 0.652, 0.705, 1.0)		1.0
(0.512, 0.87, -1.3, 0.649, -0.324, 1.0)		0.0
(0.436, 3.27, -0.513, 0.338, 0.678, 0.0)		0.0
(1.309, 0.768, 1.781, 1.657, -0.414, 1.0)		1.0
(1.798, 1.851, -0.275, -0.124, 0.163, 0.0)		0.0
(2.111, 0.901, 0.371, 0.268, 0.515, 0.0)		0.0
(0.675, 3.076, 0.902, 0.358, 0.217, 0.0)		0.0
(0.621, 1.749, -0.436, -0.183, -0.103, 0.0)		0.0
(0.61, 2.82, 0.866, -0.317, 0.971, 0.0)		0.0
(0.234, 0.854, 2.599, -0.725, 0.549, 0.0)		0.0
(0.369, 2.829, 0.701, 1.401, -0.329, 1.0)		1.0
(1.132, 1.404, -0.221, -0.1, 0.087, 0.0)		0.0
(1.84, -0.254, 0.246, 0.153, -0.101, 0.0)		0.0
(3.246, 0.823, -0.159, 0.086, -0.076, 0.0)		0.0
(-0.103, 0.929, 1.762, 0.943, -0.424, 0.0)		0.0
(-0.59, -1.327, -0.549, -0.647, 0.0, 1.0)		0.0
(2.518, 0.929, 0.45, 0.931, 0.439, 0.0)		0.0
(0.228, 0.881, 0.792, 2.501, 0.0, 1.0)		1.0
(0.446, 0.59, 2.048, 0.884, 0.666, 1.0)		1.0
(2.256, 0.508, -0.113, -0.066, -0.046, 0.0)		0.0
(1.083, 0.761, -0.153, 0.076, 0.055, 0.0)		0.0
(0.099, 0.534, 0.854, -0.444, 0.0, 1.0)		0.0
(0.21, 1.452, 0.79, 0.63, 0.0, 0.0)		0.0
(0.408, 0.949, 1.91, -0.481, -0.244, 0.0)		0.0
(0.156, 1.034, 1.946, -0.555, 0.0, 0.0)		0.0
(0.791, 2.125, -0.418, 0.279, -0.188, 0.0)		0.0
(0.105, 0.707, 1.457, -0.562, 0.0, 1.0)		0.0
(0.316, 0.783, 0.865, 1.369, 1.196, 1.0)		1.0
(0.285, 1.467, -0.452, 0.243, -0.106, 0.0)		0.0
(0.237, 1.471, 2.037, 0.986, 1.198, 0.0)		0.0
(0.099, 0.258, 0.332, 1.391, 1.838, 0.0)		0.0
(0.148, 0.672, 1.092, 1.526, 0.648, 1.0)		1.0
(0.258, 2.814, -0.461, -0.239, -0.153, 0.0)		0.0
(3.348, -0.276, -0.111, -0.07, -0.053, 0.0)		0.0
(2.766, 0.315, 1.166, -0.304, 0.269, 0.0)		0.0
(0.363, 0.994, 2.446, -0.692, -0.384, 0.0)		0.0
(2.391, 0.639, -0.107, 0.13, -0.053, 0.0)		0.0
(0.551, 1.145, 2.271, 0.668, -0.272, 0.0)		0.0
(1.017, 1.05, 0.256, 0.202, -0.089, 0.0)		0.0
(0.078, 0.512, -1.255, 1.731, 0.0, 0.0)		1.0
(0.738, 0.57, 2.037, -0.591, 0.39, 1.0)		1.0
(1.626, 2.0, -0.385, 0.288, 0.81, 0.0)		0.0
(0.287, 1.607, 1.656, 1.297, -0.484, 1.0)		1.0
(0.205, 0.673, 1.165, 1.399, -0.4, 0.0)		1.0
(3.229, 0.694, 0.27, -0.258, 0.607, 0.0)		0.0
(0.219, 2.564, 0.733, 0.347, 0.227, 0.0)		0.0
(1.162, 0.738, 0.243, 0.208, -0.088, 0.0)		0.0
(2.063, 1.161, -0.167, 0.103, 0.107, 0.0)		0.0
(1.041, 1.631, 0.505, 0.34, -0.262, 0.0)		0.0
(1.087, 1.908, -0.373, 0.25, -0.18, 0.0)		0.0
(1.033, 1.105, -0.254, -0.101, 0.0, 0.0)		0.0
(0.737, 3.178, -0.741, 0.437, 0.186, 0.0)		0.0
(0.426, 1.016, 0.8, 1.009, -0.356, 1.0)		1.0
(1.136, 0.603, 1.704, 0.636, -0.259, 1.0)		1.0
(0.098, 0.692, 0.303, 0.712, 0.0, 1.0)		1.0
(2.99, 0.309, -0.154, -0.171, -0.13, 0.0)		0.0
(0.217, 0.598, 2.218, -0.606, 0.329, 0.0)		1.0
(0.245, 2.017, 1.687, 0.99, 0.0, 0.0)		0.0
(0.114, 0.501, 0.939, 0.882, -0.52, 1.0)		0.0
(0.154, 0.804, 1.77, -0.782, 0.0, 0.0)		0.0
(1.524, 1.948, -0.282, -0.127, -0.097, 0.0)		0.0
(1.482, 2.23, -0.55, -0.209, -0.117, 0.0)		0.0
(0.21, 0.606, 0.22, 1.168, 1.434, 1.0)		0.0
(0.145, 0.51, 1.109, 1.566, 0.0, 1.0)		0.0
(0.104, 0.945, 0.432, 0.783, 1.091, 0.0)		1.0
(3.148, 0.635, -0.13, 0.094, -0.053, 0.0)		0.0
(0.459, 0.708, 1.151, 1.517, -0.511, 1.0)		0.0
(0.896, 1.979, 0.586, -0.279, 1.408, 0.0)		0.0
(1.707, 1.574, 0.449, 0.381, 0.0, 1.0)		0.0
(0.75, 2.069, -0.41, -0.193, 0.0, 0.0)		0.0
(1.57, 1.472, -0.265, -0.09, 0.08, 0.0)		0.0
(0.326, 1.658, 2.22, -0.567, 0.0, 0.0)		0.0
(0.789, 2.739, -0.55, 1.265, -0.318, 0.0)		0.0
(0.625, 1.85, 0.764, 0.319, 0.187, 0.0)		0.0
(2.441, 0.306, 0.14, 0.176, -0.065, 0.0)		0.0
(0.417, 1.5, -0.407, -0.153, -0.103, 0.0)		0.0
(0.598, 1.595, 2.137, 0.705, -0.257, 1.0)		0.0
(0.568, 0.892, 1.698, 0.848, -0.513, 0.0)		0.0
(0.25, 1.051, 2.859, -0.724, 0.0, 0.0)		0.0
(0.09, 0.314, 0.445, 1.544, 0.0, 0.0)		0.0
(0.258, 1.825, 0.995, 0.809, -0.344, 0.0)		0.0
(0.295, 1.164, 2.828, -0.662, 0.0, 0.0)		0.0
(1.517, 1.41, -0.229, 0.134, -0.08, 0.0)		0.0
(0.508, 2.252, 0.998, 0.403, -0.207, 0.0)		0.0
(0.124, 0.755, 2.184, -0.89, 0.0, 0.0)		0.0
(0.231, 1.78, 1.658, 0.697, 0.361, 0.0)		0.0
(0.985, 2.18, 0.614, 1.548, -0.434, 0.0)		0.0
(2.648, 0.638, -0.146, 0.08, -0.035, 0.0)		0.0
(-0.134, 1.057, 2.379, -0.822, 0.0, 0.0)		0.0
(0.355, 1.816, 2.572, -0.621, -0.272, 0.0)		0.0
(0.262, 0.729, 0.839, 1.728, 0.0, 0.0)		1.0
(0.474, 1.093, 1.336, 0.697, -0.376, 1.0)		0.0
(0.155, 1.012, 2.279, -0.747, 0.0, 0.0)		0.0
(0.204, 1.574, 1.157, 0.62, 0.0, 0.0)		0.0
(0.825, 1.944, -0.342, 0.167, 0.0, 0.0)		0.0
(1.236, 1.986, 1.835, -0.38, -0.167, 1.0)		1.0
(0.778, 1.038, 0.904, -0.317, -0.164, 0.0)		1.0
(0.099, 0.661, 0.363, 0.649, 0.65, 1.0)		0.0
(0.118, 0.542, 0.738, 0.954, 1.411, 1.0)		1.0
(0.339, 1.855, 0.577, 0.288, 0.139, 0.0)		0.0
(0.272, 0.719, 0.413, 1.061, -0.518, 1.0)		1.0
(0.218, 1.486, 0.742, 0.661, -0.224, 0.0)		0.0
(0.319, 2.535, -0.471, 0.428, -0.146, 0.0)		0.0
(3.052, 0.536, 0.24, -0.165, 0.48, 0.0)		0.0
(0.172, 0.474, 2.067, 0.75, -0.702, 1.0)		0.0
(1.492, 0.795, -0.142, 0.108, 0.082, 0.0)		0.0
(0.771, 2.719, -0.412, -0.168, -0.124, 0.0)		0.0
(0.412, 2.118, -0.434, 0.226, 0.134, 0.0)		0.0
(0.52, 2.213, 1.208, 0.417, -0.195, 0.0)		0.0
(0.363, 0.774, 2.429, 1.578, -0.523, 0.0)		0.0
(0.57, 1.372, 1.336, 0.604, 1.309, 0.0)		1.0
(0.468, 1.63, 1.877, -0.571, 0.0, 0.0)		0.0
(3.24, 0.43, 0.801, -0.19, -0.089, 0.0)		0.0
(1.481, 1.502, 0.527, 0.413, -0.19, 0.0)		0.0
(-0.222, -0.565, -0.798, -0.931, -0.407, 1.0)		0.0
(0.227, 1.27, 1.582, -0.591, -0.315, 0.0)		0.0
(0.222, 1.017, 2.425, 1.076, -0.367, 0.0)		0.0
(0.073, 0.357, 0.324, 0.477, 0.0, 0.0)		0.0
(2.308, 1.357, -0.259, 0.199, -0.095, 0.0)		0.0
(0.377, 1.73, 0.729, 0.345, 0.189, 0.0)		0.0
(0.698, 2.98, 0.826, -0.307, -0.158, 0.0)		0.0
(2.191, 0.438, 0.149, 0.124, -0.155, 0.0)		0.0
(0.106, 0.635, 0.252, 0.453, 0.944, 1.0)		0.0
(0.794, 1.392, 1.044, -0.629, -0.633, 1.0)		1.0
(0.692, 2.444, -0.529, -0.199, 0.0, 0.0)		0.0
(0.58, 2.541, -0.342, -0.165, 0.153, 0.0)		0.0
(1.974, 0.311, -0.082, 0.072, -0.091, 0.0)		0.0
(2.486, 0.532, 0.234, 0.087, 0.071, 0.0)		0.0
(0.085, 0.387, 0.661, 0.6, -0.456, 0.0)		1.0
(0.182, 0.418, 1.202, 1.724, -0.667, 0.0)		0.0
(0.354, 1.407, 1.046, 1.962, 0.0, 1.0)		1.0
(0.279, 1.213, 2.769, -0.858, -0.372, 0.0)		0.0
(3.454, 0.625, 0.978, -0.235, -0.09, 0.0)		0.0
(0.159, 0.329, 0.617, 1.513, -0.873, 1.0)		1.0
(0.445, 0.965, 2.056, 0.958, 1.31, 1.0)		1.0
(0.193, 0.675, 1.384, 1.631, -0.593, 0.0)		0.0
(0.23, 0.749, 2.933, -0.97, 0.516, 1.0)		0.0
(0.238, 0.967, -0.338, -0.368, 0.421, 0.0)		0.0
(1.099, 1.843, 1.035, 1.369, -0.462, 1.0)		0.0
(1.013, 2.312, 1.531, -0.381, -0.162, 1.0)		1.0
(1.466, 1.697, 0.485, 0.284, -0.18, 0.0)		0.0
(0.729, 2.055, -0.436, -0.183, 0.165, 0.0)		0.0
(2.865, -0.213, 0.166, 0.099, -0.093, 0.0)		0.0
(0.268, 0.832, 0.727, 2.286, -0.76, 1.0)		0.0
(0.554, 1.308, 2.1, 0.99, 1.002, 1.0)		1.0
(0.302, 0.697, 0.709, 1.227, -0.737, 1.0)		1.0
(2.039, 1.226, 0.508, 0.35, -0.135, 0.0)		0.0
(0.584, 0.843, 1.965, 0.939, 1.358, 1.0)		1.0
(0.386, 0.998, 2.518, -0.665, -0.302, 0.0)		0.0
(0.615, 3.089, -0.4, 1.046, -0.334, 0.0)		0.0
(0.402, 0.659, 1.536, 1.769, -0.693, 1.0)		0.0
(0.647, 2.709, -0.576, 0.369, 0.56, 1.0)		1.0
(0.677, 0.443, 1.584, -0.536, 0.443, 1.0)		1.0
(0.719, 3.563, -0.713, 0.339, -0.141, 0.0)		0.0
(3.0, 0.438, 0.136, 0.112, 0.112, 0.0)		0.0
(0.736, 2.36, 0.522, 1.439, -0.341, 0.0)		0.0
(0.269, 0.362, 0.661, 2.265, -0.705, 0.0)		0.0
(0.83, 3.041, -0.569, 0.547, 0.288, 0.0)		0.0
(2.035, 1.726, 0.717, -0.165, 0.153, 0.0)		0.0
(2.255, 1.117, 0.414, 0.448, -0.257, 0.0)		0.0
(0.245, 0.354, 0.768, 2.27, 0.0, 0.0)		0.0
(3.414, -0.301, 0.136, -0.074, -0.053, 0.0)		0.0
(0.287, 0.814, 1.049, 1.082, -0.349, 1.0)		1.0
(0.245, 0.484, 1.991, 0.879, 0.608, 0.0)		0.0
(0.249, 1.876, 0.914, 0.379, 0.0, 0.0)		0.0
(0.899, 2.96, -0.474, -0.203, -0.144, 0.0)		0.0
(1.121, 0.72, -0.142, 0.088, 0.091, 0.0)		0.0
(0.49, 3.202, -0.624, -0.301, 0.0, 0.0)		0.0
(3.802, -0.393, 0.153, -0.082, -0.055, 0.0)		0.0
(0.266, 3.155, -0.48, 0.434, 1.022, 0.0)		0.0
(1.857, 1.13, -0.19, -0.068, 0.064, 0.0)		0.0
(2.79, 1.019, 0.416, 0.656, -0.166, 0.0)		0.0
(0.059, 0.287, 0.439, -0.522, 0.0, 0.0)		0.0
(1.878, 0.892, 0.76, 1.609, -0.446, 0.0)		0.0
(0.271, 1.286, 2.305, -0.702, 0.0, 0.0)		0.0
(0.382, 0.975, 2.027, 1.022, 0.527, 0.0)		0.0
(3.772, -0.274, 0.155, -0.08, -0.077, 0.0)		0.0
(0.376, 1.259, 2.226, -0.598, 0.0, 0.0)		0.0
(2.51, -0.217, 0.213, 0.159, -0.092, 0.0)		0.0
(1.256, 2.372, 1.134, -0.324, -0.129, 1.0)		1.0
(2.745, -0.224, 0.171, 0.097, 0.073, 0.0)		0.0
(0.24, 0.705, 1.527, 1.91, -0.567, 0.0)		0.0
(1.084, 1.697, -0.298, 0.185, -0.102, 0.0)		0.0
(0.438, 3.303, -0.411, -0.186, -0.166, 0.0)		0.0
(0.701, 2.062, -0.513, -0.242, -0.126, 0.0)		0.0
(1.687, 1.914, -0.315, -0.148, -0.101, 0.0)		0.0
(1.053, 0.573, 1.926, 1.495, -0.636, 1.0)		1.0
(1.439, 2.014, -0.531, -0.168, -0.103, 0.0)		0.0
(0.391, 1.276, 2.268, -0.721, 0.0, 0.0)		0.0
(1.796, 0.858, 0.313, 0.189, -0.131, 0.0)		0.0
(0.085, 0.346, 0.602, 0.454, 0.0, 0.0)		0.0
(0.674, 2.3, 0.971, 0.315, -0.161, 0.0)		0.0
(0.204, 0.527, 0.407, 1.66, -0.714, 1.0)		1.0
(0.735, 2.417, -0.431, -0.19, 0.202, 0.0)		0.0
(0.873, 2.74, 0.827, -0.275, -0.149, 0.0)		0.0
(0.351, 1.331, 1.073, 0.488, -0.213, 0.0)		0.0
(0.322, 1.754, 0.628, 0.269, -0.096, 0.0)		0.0
(1.528, 0.54, 0.179, 0.149, 0.07, 0.0)		0.0
(0.614, 1.697, -0.442, -0.163, -0.105, 0.0)		0.0
(0.159, 0.686, 1.129, 1.911, 0.0, 1.0)		1.0
(2.525, 0.647, 0.375, 0.356, 0.448, 0.0)		0.0
(0.365, 1.946, -0.279, -0.137, -0.091, 0.0)		0.0
(0.22, 1.291, 2.661, -0.639, -0.415, 0.0)		0.0
(0.593, 2.737, 0.856, -0.336, 1.173, 0.0)		0.0
(2.02, 0.615, -0.1, 0.079, 0.054, 0.0)		0.0
(0.096, 0.526, -1.117, 1.757, 0.0, 0.0)		1.0
(0.237, 0.789, 1.023, 2.106, -0.857, 1.0)		1.0
(0.26, 0.569, 0.657, 1.209, 0.0, 0.0)		1.0
(1.199, 2.525, 1.24, -0.326, -0.166, 1.0)		1.0
(0.09, 0.681, 0.261, 0.769, 0.0, 1.0)		0.0
(2.275, 0.69, 0.114, 0.103, 0.072, 0.0)		0.0
(3.677, 0.393, -0.159, -0.093, -0.059, 0.0)		0.0
(3.065, -0.264, -0.112, -0.067, -0.05, 0.0)		0.0
(0.572, 2.469, 1.182, 0.83, -0.371, 1.0)		1.0
(2.976, 1.442, 0.329, -0.139, -0.083, 0.0)		0.0
(0.435, 0.761, 0.772, 1.192, 1.157, 1.0)		1.0
(2.793, 0.285, 1.283, -0.314, 0.296, 0.0)		0.0
(0.582, 1.276, 1.749, 1.478, -0.4, 1.0)		1.0
(0.293, 2.304, 1.019, 0.505, -0.259, 0.0)		0.0
(0.266, 0.825, 2.484, -0.527, -0.319, 0.0)		0.0
(2.24, -0.237, 0.416, 1.551, -0.454, 0.0)		0.0
(0.366, 0.414, 0.889, 1.934, -0.584, 0.0)		0.0
(3.716, 0.55, 0.268, 0.454, -0.122, 0.0)		0.0
(1.396, 1.149, 0.981, 0.662, 1.499, 1.0)		1.0
(0.532, 0.573, 2.07, 1.39, 1.461, 1.0)		1.0
(0.161, 0.552, 0.983, 1.504, -0.933, 1.0)		1.0
(0.121, 0.635, 0.584, 1.534, 0.0, 0.0)		1.0
(0.533, 3.131, -0.44, -0.27, -0.308, 0.0)		0.0
(1.54, 2.122, -0.36, -0.388, 0.815, 0.0)		0.0
(0.387, 0.902, 2.307, -0.648, -0.342, 0.0)		0.0
(1.004, 2.024, 0.606, 1.205, -0.397, 0.0)		0.0
(2.437, 1.018, -0.281, 0.182, 0.2, 0.0)		0.0
(0.642, 2.75, 0.852, 0.322, 0.188, 0.0)		0.0
(0.058, 0.207, -0.126, -0.348, 1.112, 0.0)		0.0
(1.048, 1.726, 1.747, 0.696, -0.206, 1.0)		1.0
(0.329, 2.133, 0.924, 0.436, -0.326, 1.0)		0.0
(0.189, 1.102, 2.21, -0.87, 0.507, 0.0)		0.0
(0.979, 1.545, 1.49, 0.576, 1.144, 1.0)		1.0
(2.555, -0.242, 0.208, 0.188, -0.095, 0.0)		0.0
(0.187, 1.346, 1.791, 0.679, 0.0, 0.0)		0.0
(0.817, 0.796, 0.222, -0.066, 0.053, 0.0)		0.0
(-0.165, -0.917, 2.187, -0.856, -0.516, 0.0)		0.0
(0.324, 1.719, 0.651, 0.254, -0.137, 0.0)		0.0
(0.122, 0.592, 1.288, 2.546, -0.849, 0.0)		0.0
(0.715, 0.847, 1.805, 2.094, -0.621, 1.0)		1.0
(1.802, 0.855, 1.353, 0.851, 0.525, 0.0)		0.0
(0.108, 0.378, 0.428, 1.134, 1.297, 0.0)		0.0
(2.556, 0.718, 0.37, -0.085, -0.063, 0.0)		0.0
(2.399, 0.797, 0.392, -0.116, -0.045, 0.0)		0.0
(1.482, 1.502, 0.527, 0.413, -0.19, 0.0)		0.0
(1.936, 2.328, -0.422, -0.148, -0.093, 1.0)		0.0
(0.763, 1.929, 0.466, 0.255, -0.234, 0.0)		0.0
(0.151, 0.577, 1.302, 1.116, 0.0, 0.0)		1.0
(0.209, 0.433, 0.623, 1.429, 2.012, 1.0)		1.0
(0.86, 2.661, -0.397, -0.18, -0.131, 0.0)		0.0
(0.636, 2.63, 1.553, 0.469, -0.204, 0.0)		0.0
(0.168, 0.704, 0.758, 1.268, 1.578, 1.0)		1.0
(2.397, 0.416, 0.25, -0.078, 0.075, 0.0)		0.0
(0.798, 2.84, -0.49, -0.189, -0.12, 0.0)		0.0
(1.098, 2.524, -0.429, 0.276, 1.019, 0.0)		0.0
(1.068, 1.601, -0.283, -0.132, -0.066, 0.0)		0.0
(2.611, 0.661, 0.164, 0.104, -0.053, 0.0)		0.0
(0.647, 0.86, 1.755, 0.993, 1.422, 1.0)		1.0
(1.299, 1.229, 0.921, 0.608, 1.533, 1.0)		1.0
(0.189, 1.169, 1.42, -0.406, 0.0, 0.0)		0.0
(0.241, 0.522, 0.576, -0.368, 0.977, 0.0)		0.0
(2.035, 1.325, 0.513, 0.373, -0.135, 0.0)		0.0
(1.03, 1.402, 1.403, -0.409, 1.116, 1.0)		1.0
(1.565, 0.495, 0.123, 0.11, -0.18, 0.0)		0.0
(0.223, 1.533, 2.011, 0.902, 0.0, 0.0)		0.0
(0.42, 2.529, -0.399, 0.237, -0.162, 0.0)		0.0
(0.227, 0.978, -0.604, 2.218, -1.008, 1.0)		1.0
(0.131, 0.858, 1.839, -0.834, -0.411, 0.0)		0.0
(0.87, 1.801, 0.956, -0.251, -0.156, 0.0)		0.0
(0.203, 1.185, 1.777, -0.6, 0.0, 0.0)		0.0
(0.303, 2.881, -0.481, 0.221, 0.157, 0.0)		0.0
(0.926, 1.532, 1.984, 0.86, -0.244, 1.0)		1.0
(0.672, 0.596, 0.65, 2.122, -0.553, 1.0)		1.0
(0.562, 1.253, 2.338, -0.668, -0.28, 1.0)		1.0
(0.354, 1.005, 1.607, 0.835, -0.338, 1.0)		0.0
(1.097, 2.087, -0.549, 0.2, 0.245, 0.0)		0.0
(1.063, 1.705, -0.291, -0.277, 1.781, 0.0)		0.0
(0.329, 0.8, 0.792, 0.957, 0.873, 1.0)		1.0
(0.469, 2.577, 1.527, 0.771, -0.241, 0.0)		0.0
(0.178, 0.767, 1.783, 1.268, 0.0, 0.0)		0.0
(2.665, 0.834, 1.064, -0.276, -0.122, 0.0)		0.0
(0.266, 1.04, 2.761, -0.833, 0.651, 0.0)		0.0
(1.601, 0.836, 0.433, -0.131, -0.055, 0.0)		0.0
(0.131, 0.617, 0.545, 0.897, 0.0, 0.0)		1.0
(2.235, 0.97, 0.341, 0.366, 0.617, 0.0)		0.0
(-0.829, -1.062, -0.541, 0.403, 0.837, 0.0)		0.0
(0.135, 0.768, 0.322, 0.546, 0.0, 1.0)		1.0
(3.617, -0.272, 0.34, 0.224, -0.073, 0.0)		0.0
(0.891, 0.909, 1.041, 0.848, -0.23, 1.0)		1.0
(0.596, 1.555, 1.434, 0.699, 1.074, 1.0)		0.0
(0.279, 1.511, 1.188, -0.466, 0.327, 0.0)		0.0
(0.246, 0.683, 2.489, -0.781, 0.376, 0.0)		0.0
(1.7, 2.193, 0.514, 0.222, -0.132, 0.0)		0.0
(1.889, 1.009, 0.479, 0.366, -0.179, 0.0)		0.0
(2.303, 1.264, 0.682, -0.171, 0.19, 0.0)		0.0
(3.359, -0.241, 0.195, -0.085, 0.085, 0.0)		0.0
(0.474, 1.277, 2.454, -0.761, 0.791, 1.0)		0.0
(0.545, 0.513, 1.504, 1.904, -0.728, 0.0)		0.0
(0.16, 1.252, 1.345, 0.436, -0.179, 0.0)		0.0
(0.598, 2.171, 0.671, 0.332, 0.201, 0.0)		0.0
(0.548, 2.581, 0.957, 0.479, -0.201, 0.0)		0.0
(0.873, 1.694, 1.54, -0.52, -0.207, 1.0)		0.0
(0.365, 0.433, 0.894, 1.979, -0.535, 0.0)		0.0
(0.996, 1.174, 0.778, 0.324, 0.223, 0.0)		0.0
(1.528, 0.54, 0.179, 0.149, 0.07, 0.0)		0.0
(0.71, 2.326, -0.557, -0.203, 0.0, 0.0)		0.0
(0.517, 1.118, 2.514, 1.132, -0.358, 1.0)		1.0
(0.311, 1.393, 2.473, -0.666, 0.0, 0.0)		0.0
(0.148, 1.48, 1.646, 0.754, 0.0, 0.0)		0.0
(0.238, 0.61, 0.755, 0.864, -0.918, 1.0)		0.0
(-0.645, 1.771, -0.393, -0.195, -0.124, 0.0)		0.0
(1.341, 1.174, -0.283, -0.098, 0.077, 0.0)		0.0
(0.834, 2.73, -0.45, -0.19, -0.123, 0.0)		0.0
(0.465, 1.193, 1.433, 1.55, -0.688, 1.0)		1.0
(0.18, 0.679, 0.923, 1.823, -0.782, 1.0)		0.0
(0.279, 1.93, 0.803, 1.596, 0.0, 1.0)		1.0
(2.101, 1.502, -0.196, -0.085, 0.09, 0.0)		0.0
(0.134, 0.651, 1.536, 2.12, 0.0, 0.0)		0.0
(0.126, 0.732, 1.483, 1.451, 0.521, 0.0)		0.0
(0.233, 1.784, 1.568, 0.656, -0.307, 0.0)		0.0
(0.965, 2.664, -0.422, 1.123, -0.381, 0.0)		0.0
(3.396, 0.517, -0.119, -0.065, -0.048, 0.0)		0.0
(0.699, 2.221, 1.728, -0.482, -0.21, 0.0)		0.0
(0.353, 2.807, -0.541, 0.303, -0.14, 0.0)		0.0
(1.041, 2.6, -0.384, -0.157, -0.107, 0.0)		0.0
(0.64, 2.521, 1.073, 0.387, -0.215, 0.0)		0.0
(1.213, 0.697, 1.807, 1.233, 0.647, 1.0)		1.0
(0.385, 2.111, -0.414, 0.214, -0.128, 0.0)		0.0
(0.736, 2.7, -0.486, 0.255, -0.22, 0.0)		0.0
(0.842, 1.87, -0.342, 0.327, -0.338, 0.0)		0.0
(3.246, -0.32, -0.14, 0.111, -0.06, 0.0)		0.0
(0.107, 0.622, 1.23, 0.944, 0.0, 1.0)		0.0
(1.305, 1.404, -0.301, -0.152, -0.109, 0.0)		0.0
(0.403, 3.743, -0.784, -0.361, 0.0, 0.0)		0.0
(-0.193, 1.33, 2.367, -0.661, -0.348, 0.0)		0.0
(1.414, 1.694, 0.626, -0.195, -0.117, 0.0)		0.0
(0.327, 0.659, 0.765, 2.197, 2.149, 1.0)		1.0
(0.403, 1.292, 2.157, -0.682, 0.0, 0.0)		0.0
(0.272, 0.821, 1.667, 0.89, -0.377, 1.0)		1.0
(0.452, 2.261, 1.267, 0.717, -0.245, 0.0)		0.0
(3.868, -0.331, -0.119, -0.066, -0.044, 0.0)		0.0
(3.619, -0.356, -0.146, 0.091, -0.065, 0.0)		0.0
(0.328, 1.107, 1.964, 0.776, -0.247, 0.0)		0.0
(0.26, 0.903, 2.735, -0.781, 0.0, 0.0)		0.0
(0.351, 0.785, 1.03, 1.792, 0.0, 1.0)		1.0
(0.889, 1.66, 1.282, -0.371, -0.14, 1.0)		0.0
(1.195, 1.537, -0.344, -0.115, -0.083, 0.0)		0.0
(1.925, 0.892, 0.355, 0.315, 1.147, 0.0)		0.0
(3.132, 0.557, -0.134, 0.18, -0.066, 0.0)		0.0
(2.879, 0.424, -0.107, 0.08, -0.055, 0.0)		0.0
(0.421, 3.022, -0.477, -0.188, -0.211, 0.0)		0.0
(1.041, 1.968, -0.321, 0.196, -0.412, 0.0)		0.0
(0.257, 1.15, 1.834, -0.751, -0.301, 0.0)		0.0
(0.314, 0.497, 1.792, 0.866, 1.159, 0.0)		0.0
(0.107, 0.288, 0.443, 1.758, 1.26, 0.0)		0.0
(0.959, 0.934, 1.852, -0.615, 0.965, 1.0)		1.0
(0.225, 0.363, 0.738, 1.63, -0.97, 1.0)		1.0
(0.066, 0.295, 0.345, -0.621, 0.0, 0.0)		0.0
(0.27, 1.134, 1.964, -0.518, -0.235, 0.0)		0.0
(0.147, 0.625, 0.666, 0.87, -0.562, 1.0)		1.0
(0.236, 0.46, 2.043, 0.909, 0.646, 0.0)		0.0
(0.071, 0.312, 0.521, 0.439, 0.422, 0.0)		0.0
(0.218, 1.463, 1.531, -0.523, 0.0, 0.0)		0.0
(0.52, 0.38, 0.535, 1.64, 0.998, 1.0)		1.0
(0.762, 3.061, -0.456, -0.209, 0.159, 0.0)		0.0
(0.146, 0.786, 0.39, 0.702, 0.91, 0.0)		0.0
(0.409, 0.648, 1.572, 2.168, -0.728, 1.0)		0.0
(2.906, 0.775, 0.272, 0.176, 0.25, 0.0)		0.0
(0.125, 0.311, 0.468, 0.623, -0.857, 0.0)		0.0
(0.044, 0.301, 0.313, 0.459, -0.43, 0.0)		0.0
(0.448, 2.085, -0.403, -0.169, -0.09, 0.0)		0.0
(0.369, 1.788, 1.134, -0.448, 0.0, 0.0)		0.0
(0.666, 0.618, 1.84, 1.067, 0.563, 1.0)		1.0
(0.287, 0.99, 1.566, 0.904, 0.0, 1.0)		0.0
(0.326, 0.458, 1.856, 1.602, 1.481, 1.0)		1.0
(0.348, 2.567, -0.397, 0.297, -0.383, 0.0)		0.0
(0.11, 0.544, 0.343, 0.866, 0.0, 1.0)		1.0
(0.509, 0.399, 0.665, -0.156, 0.0, 0.0)		0.0
(2.879, 0.341, 0.274, 0.148, -0.076, 0.0)		0.0
(2.724, 0.297, 0.192, 0.222, -0.084, 0.0)		0.0
(1.247, 1.233, 2.209, -0.468, -0.183, 0.0)		0.0
(0.625, 2.48, 1.712, 0.655, -0.201, 1.0)		0.0
(0.671, 2.214, -0.494, -0.219, 0.0, 0.0)		0.0
(0.279, 0.985, 1.634, 0.77, -0.388, 0.0)		0.0
(0.983, 1.108, 0.327, -0.082, 0.062, 0.0)		0.0
(0.281, 0.867, 1.923, -0.525, 0.0, 0.0)		0.0
(0.605, 2.452, -0.534, 0.304, 0.0, 0.0)		0.0
(3.015, 0.337, -0.117, -0.078, -0.052, 0.0)		0.0
(2.056, 1.155, 0.301, 0.227, -0.065, 0.0)		0.0
(1.309, 0.768, 1.78, 1.657, -0.414, 1.0)		1.0
(1.034, 1.039, 0.257, 0.198, -0.09, 0.0)		0.0
(0.228, 1.054, 0.309, 0.479, 0.546, 0.0)		0.0
(0.182, 1.094, 0.858, 1.275, -0.485, 0.0)		0.0
(-0.085, 0.562, 0.929, 0.957, -0.724, 1.0)		1.0
(0.511, 2.783, -0.523, 0.345, -0.156, 0.0)		0.0
(1.997, 2.309, -0.407, 0.309, 0.533, 0.0)		0.0
(1.302, 2.389, -0.356, -0.159, 0.225, 0.0)		0.0
(0.641, 1.983, 0.845, -0.238, -0.123, 0.0)		0.0
(0.23, 0.398, 0.533, 1.72, 1.699, 1.0)		0.0
(0.131, 0.263, 0.266, -0.386, 0.786, 1.0)		0.0
(0.292, 1.029, 2.387, -0.663, -0.352, 0.0)		0.0
(2.441, 0.306, 0.14, 0.176, -0.065, 0.0)		0.0
(0.131, 0.482, 0.482, 0.916, 0.899, 0.0)		0.0
(1.139, 2.421, 1.189, 0.572, -0.191, 1.0)		1.0
(0.501, 0.462, 1.551, 1.562, 1.704, 1.0)		1.0
(0.279, 0.67, 1.702, 1.477, -0.447, 0.0)		1.0
(0.124, 0.346, 0.598, 2.196, -0.645, 0.0)		0.0
(0.4, 0.945, 2.202, -0.557, -0.306, 0.0)		0.0
(2.534, 0.267, 0.133, 0.16, -0.065, 0.0)		0.0
(1.645, 0.996, 0.502, -0.137, -0.052, 0.0)		0.0
(0.079, 0.372, 0.331, 0.48, 0.598, 0.0)		0.0
(0.367, 0.788, 0.858, 1.386, 1.212, 1.0)		1.0
(0.248, 0.667, 0.729, -0.804, 2.286, 0.0)		0.0
(0.517, 1.205, 2.199, -0.573, -0.233, 0.0)		1.0
(1.37, 2.042, -0.356, 0.214, 0.23, 0.0)		0.0
(1.268, 1.104, 2.24, -0.564, -0.208, 0.0)		0.0
(1.585, 1.259, 2.018, -0.585, -0.268, 1.0)		0.0
(0.174, 0.719, 1.091, 1.546, -0.581, 1.0)		0.0
(0.492, 1.782, 1.24, 0.448, 0.192, 0.0)		0.0
(0.173, 0.63, 1.636, 0.917, -0.425, 1.0)		1.0
(0.703, 0.863, 1.595, 0.915, 1.496, 1.0)		1.0
(0.236, 0.373, 0.415, 1.402, 2.043, 0.0)		1.0
(1.12, 1.69, 1.087, 0.569, 0.385, 0.0)		0.0
(0.471, 2.649, -0.587, 1.463, -0.486, 0.0)		0.0
(0.297, 0.428, 1.688, 1.054, 1.12, 0.0)		0.0
(0.095, 0.413, 0.818, 1.258, 0.0, 0.0)		1.0
(0.416, 1.042, 2.32, -0.564, 0.337, 0.0)		0.0
(0.598, 1.598, 2.13, 0.708, -0.255, 1.0)		0.0
(0.822, 1.508, 0.87, 1.312, 1.497, 1.0)		0.0
(0.77, 2.304, 1.032, 0.764, 0.957, 1.0)		1.0
(0.154, 0.388, 0.555, 2.153, -0.829, 0.0)		0.0
(0.086, 0.353, 0.724, 1.399, -0.418, 0.0)		0.0
(0.572, 1.309, 1.464, 1.936, -0.501, 1.0)		1.0
(0.794, 1.828, 0.782, 0.201, 0.12, 0.0)		0.0
(-0.102, -0.549, -1.168, -1.359, -0.633, 0.0)		1.0
(0.489, 2.944, 0.652, 0.78, 0.756, 1.0)		0.0
(0.47, 0.637, 1.772, 1.189, 1.476, 1.0)		1.0
(2.21, 1.84, 0.387, 0.952, -0.245, 0.0)		0.0
(0.236, 0.373, 0.415, 1.402, 2.043, 0.0)		1.0
(1.578, 2.225, -0.495, 0.215, -0.104, 0.0)		0.0
(2.956, 0.996, 0.73, -0.175, -0.087, 0.0)		0.0
(1.24, 2.47, -0.448, 0.231, 0.158, 0.0)		0.0
(0.302, 1.281, 1.743, -0.659, -0.302, 0.0)		0.0
(0.62, 2.292, -0.532, -0.212, -0.111, 0.0)		0.0
(0.543, 0.486, 0.788, 1.553, -0.668, 1.0)		1.0
(0.364, 0.859, 2.071, -0.622, -0.32, 0.0)		0.0
(0.58, 1.224, 1.911, 1.786, -0.516, 1.0)		1.0
(0.18, 0.511, 1.254, 1.436, -1.007, 0.0)		0.0
(0.111, 0.558, 1.359, 2.035, -0.662, 0.0)		0.0
(1.031, 1.627, -0.29, 0.171, -0.099, 0.0)		0.0
(0.225, 1.555, 1.428, 0.732, -0.22, 0.0)		0.0
(0.149, 0.867, 1.701, 2.015, -0.673, 0.0)		1.0
(1.296, 2.241, -0.417, 0.214, 0.141, 0.0)		0.0
(0.278, 0.534, 0.383, 1.363, 0.771, 1.0)		1.0
(0.691, 2.603, -0.49, -0.351, 1.17, 0.0)		0.0
(-0.206, 0.938, 1.674, -0.78, 0.96, 1.0)		1.0
(2.318, 0.281, 1.688, -0.397, 0.269, 0.0)		0.0
(1.396, 1.668, 1.742, -0.369, -0.138, 1.0)		1.0
(0.148, 0.495, 1.125, 0.907, 0.82, 0.0)		0.0
(0.568, 2.557, 0.811, 1.003, -0.411, 1.0)		1.0
(0.637, 2.446, 1.17, -0.338, 0.0, 0.0)		0.0
(0.357, 1.663, 0.541, -0.196, -0.119, 0.0)		0.0
(0.216, 1.604, 2.018, 0.773, 0.715, 0.0)		0.0
(1.722, 0.517, 2.305, -0.586, -0.218, 0.0)		0.0
(0.134, 0.462, 0.877, 1.248, 1.302, 1.0)		1.0
(1.706, 1.949, -0.259, -0.09, -0.075, 0.0)		0.0
(2.94, 0.495, 0.892, 0.337, -0.161, 0.0)		0.0
(0.779, 1.671, 1.253, 0.648, 0.587, 1.0)		0.0
(0.191, 0.787, 1.295, 1.728, -0.619, 1.0)		1.0
(1.362, 1.413, 0.587, 1.699, -0.434, 0.0)		0.0
(2.702, -0.236, 0.189, 0.119, -0.143, 0.0)		0.0
(2.239, 0.958, -0.147, 0.125, 0.093, 0.0)		0.0
(2.606, 1.238, 0.373, 0.869, -0.21, 0.0)		0.0
(1.079, 2.734, 0.668, 0.416, 0.213, 1.0)		0.0
(0.46, 3.218, 1.191, 0.71, -0.206, 1.0)		1.0
(0.35, 1.186, 2.138, -0.584, -0.272, 0.0)		0.0
(0.816, 2.242, -0.331, -0.17, -0.12, 0.0)		0.0
(-0.197, 1.972, 0.723, 0.477, 0.0, 0.0)		0.0
(2.198, 0.512, 0.109, 0.095, -0.048, 0.0)		0.0
(3.067, -0.27, 0.438, 0.21, -0.082, 0.0)		0.0
(0.274, 0.798, 1.154, 2.06, -1.064, 1.0)		1.0
(-0.15, 1.436, 2.41, -0.653, 0.0, 0.0)		0.0
(0.562, 1.04, 1.75, 0.703, -0.33, 1.0)		0.0
(0.533, 2.235, 0.944, 0.496, 0.0, 0.0)		0.0
(0.564, 1.178, 1.19, -0.319, 0.242, 0.0)		0.0
(1.021, 2.361, -0.378, 0.228, -0.162, 0.0)		0.0
(3.603, 0.538, 0.434, -0.097, -0.057, 0.0)		0.0
(0.45, 3.288, -0.631, 0.424, 0.0, 0.0)		0.0
(1.228, 0.904, 0.271, 0.108, 0.082, 0.0)		0.0
(2.653, 0.448, 0.241, 0.089, 0.092, 0.0)		0.0
(0.348, 0.602, 2.488, -0.748, 0.714, 1.0)		1.0
(0.563, 2.583, -0.387, -0.17, -0.124, 0.0)		0.0
(1.79, 1.505, -0.213, -0.115, 0.088, 0.0)		0.0
(1.989, 2.52, -0.359, -0.137, -0.09, 0.0)		0.0
(0.259, 1.389, 1.396, -0.523, 0.0, 0.0)		0.0
(0.252, 1.133, 2.402, -0.701, 0.0, 0.0)		0.0
(1.362, 1.301, 0.486, 0.385, -0.277, 0.0)		0.0
(0.259, 0.725, 0.86, 1.092, 0.0, 0.0)		1.0
(0.365, 0.882, 1.195, 1.149, 0.78, 1.0)		1.0
(0.571, 1.806, 1.29, -0.37, -0.155, 0.0)		0.0
(0.437, 0.561, 1.314, 1.811, -0.512, 0.0)		0.0
(0.713, 2.688, 1.468, -0.438, -0.199, 0.0)		0.0
(0.472, 2.162, -0.375, -0.357, 1.611, 0.0)		0.0
(0.598, 1.583, -0.355, -0.152, -0.075, 0.0)		0.0
(0.409, 0.79, 1.243, 1.747, -0.517, 0.0)		0.0
(3.624, -0.245, 0.444, 0.171, -0.069, 0.0)		0.0
(-0.181, 0.649, 1.491, -0.833, -0.411, 0.0)		1.0
(0.104, 0.496, 1.126, -0.401, -0.371, 0.0)		1.0
(0.849, 1.938, 0.812, 1.274, -0.446, 1.0)		0.0
(0.301, 1.934, 1.666, 0.695, -0.315, 0.0)		0.0
(0.379, 0.714, 0.898, 1.607, 1.214, 1.0)		1.0
(0.166, 0.724, 1.742, 1.007, 0.0, 1.0)		0.0
(0.975, 1.07, 2.241, -0.61, -0.294, 1.0)		1.0
(0.155, 0.799, 1.515, 1.596, 0.0, 0.0)		0.0
(0.483, 2.622, 0.749, 0.834, 0.691, 1.0)		1.0
(0.791, 1.38, -0.238, -0.12, 0.0, 0.0)		0.0
(0.179, 0.742, 1.648, 1.419, 1.107, 1.0)		0.0
(0.265, 1.678, 0.806, 0.324, 0.158, 0.0)		0.0
(1.183, 1.857, -0.264, -0.114, 0.095, 0.0)		0.0
(0.918, 0.758, -0.161, 0.075, -0.044, 0.0)		0.0
(0.215, 0.549, 1.037, 1.732, 0.0, 0.0)		0.0
(0.997, 1.896, 0.829, 1.479, -0.4, 0.0)		0.0
(0.095, 0.624, -0.79, 2.613, 0.0, 0.0)		0.0
(0.371, 2.963, -0.437, 1.227, -0.389, 1.0)		0.0
(0.436, 0.822, 2.479, 1.382, -0.472, 0.0)		0.0
(0.445, 0.809, 2.027, 1.442, 0.0, 1.0)		0.0
(0.361, 2.716, 0.915, -0.475, -0.19, 0.0)		0.0
(0.379, 2.85, 0.735, 0.557, 1.132, 0.0)		0.0
(0.12, 0.715, 0.427, 0.846, 0.0, 1.0)		1.0
(3.436, 0.372, -0.111, -0.065, 0.069, 0.0)		0.0
(0.257, 1.155, 2.326, -0.601, 0.0, 0.0)		0.0
(2.234, 0.546, 0.171, 0.094, 0.069, 0.0)		0.0
(0.628, 1.023, 2.13, 1.307, -0.706, 1.0)		1.0
(1.573, 1.128, 0.42, -0.215, 1.306, 0.0)		0.0
(0.116, 0.485, 0.917, 1.673, 0.0, 0.0)		0.0
(0.162, 0.522, 0.97, 2.073, -0.849, 1.0)		1.0
(0.422, 1.478, 1.702, 1.155, -0.505, 1.0)		1.0
(0.216, 0.376, 0.622, 1.729, 1.369, 1.0)		1.0
(2.318, 1.826, -0.356, 0.991, -0.285, 0.0)		0.0
(0.807, 2.168, 0.714, 0.84, 0.58, 1.0)		1.0
(0.116, 0.478, 0.762, 0.0, 0.0, 1.0)		0.0
(0.296, 0.73, 2.632, -0.761, 0.493, 1.0)		0.0
(0.917, 2.238, -0.446, 0.247, -0.135, 0.0)		0.0
(3.192, 0.675, 0.813, -0.202, -0.083, 0.0)		0.0
(0.376, 1.218, 1.497, 0.859, -0.372, 1.0)		0.0
(-0.188, 1.595, 2.108, 0.716, -0.332, 0.0)		0.0
(1.402, 1.426, 0.472, -0.145, -0.088, 0.0)		0.0
(0.976, 2.689, 0.747, 0.853, -0.263, 0.0)		1.0
(2.059, 1.637, 0.746, -0.169, 0.157, 0.0)		0.0
(0.555, 2.557, 1.385, 0.578, 0.0, 0.0)		0.0
(0.307, 2.908, -0.479, -0.19, 0.205, 0.0)		0.0
(0.442, 2.439, -0.453, -0.226, -0.117, 0.0)		0.0
(0.686, 3.259, -0.525, -0.225, 0.157, 0.0)		0.0
(0.249, 1.423, 1.518, -0.459, -0.233, 0.0)		0.0
(0.349, 0.801, 0.72, 1.195, 1.344, 1.0)		1.0
(0.15, 1.138, 1.605, -0.456, 0.0, 0.0)		0.0
(0.413, 0.791, -0.985, -1.254, -0.473, 0.0)		1.0
(0.691, 0.817, 2.021, -0.679, -0.684, 1.0)		1.0
(1.533, 1.716, -0.331, 0.433, 1.298, 0.0)		0.0
(0.327, 2.711, 0.738, 0.307, 0.191, 0.0)		0.0
(0.297, 0.626, 2.667, 0.974, 0.522, 1.0)		0.0
(0.264, 0.906, 2.213, -0.609, -0.372, 1.0)		0.0
(3.367, 0.66, 0.941, -0.242, -0.095, 0.0)		0.0
(0.127, 0.522, 0.881, 1.744, 0.0, 1.0)		0.0
(0.146, 0.627, 0.454, 0.294, 0.915, 1.0)		0.0
(0.35, 1.191, 0.628, -0.277, -0.122, 0.0)		0.0
(0.279, 1.373, 1.137, 0.453, 0.0, 0.0)		0.0
(0.72, 0.502, 0.87, 2.021, -0.563, 0.0)		0.0
(1.014, 0.492, 1.761, 0.847, -0.24, 1.0)		1.0
(2.909, 0.521, 1.263, -0.33, -0.142, 0.0)		0.0
(0.299, 0.849, 1.679, -0.609, 0.507, 1.0)		0.0
(0.1, 0.508, 0.479, 1.837, 0.0, 1.0)		0.0
(0.172, 0.714, 0.53, 0.353, 0.9, 1.0)		0.0
(1.322, 1.153, 0.403, 0.371, -0.395, 0.0)		0.0
(0.431, 0.803, 1.946, -0.764, 0.523, 1.0)		1.0
(0.602, 0.504, 2.298, 0.889, -0.435, 1.0)		1.0
(0.266, 1.229, 2.271, 0.879, -0.326, 0.0)		0.0
(0.269, 1.117, 2.659, -0.671, -0.328, 0.0)		0.0
(0.328, 0.656, 0.838, 2.117, 1.779, 1.0)		1.0
(-0.121, 1.064, 2.83, -0.798, 0.0, 0.0)		0.0
(0.755, 3.309, -0.469, 0.254, -0.152, 0.0)		0.0
(2.781, 0.932, 0.3, 0.177, -0.177, 0.0)		0.0
(0.245, 0.355, 0.744, 1.934, 1.389, 1.0)		1.0
(0.748, 1.16, 0.798, 0.896, 0.821, 1.0)		1.0
(0.757, 1.426, 0.594, 0.232, 0.22, 0.0)		0.0
(0.299, 1.968, 1.041, 0.862, -0.426, 0.0)		0.0
(0.796, 2.222, -0.437, -0.362, 1.473, 0.0)		0.0
(0.304, 0.561, 1.215, 0.762, 0.0, 1.0)		1.0
(0.651, 2.36, -0.503, 0.291, 0.148, 0.0)		0.0
(-0.147, 1.393, 1.573, -0.543, 0.0, 0.0)		0.0
(0.477, 1.051, 1.546, 1.689, -0.494, 1.0)		1.0
(0.283, 1.008, 2.195, -0.895, 0.0, 0.0)		0.0
(0.222, 0.577, 0.607, 1.784, -1.143, 1.0)		1.0
(3.489, 0.378, -0.122, -0.068, -0.049, 0.0)		0.0
(0.189, 0.363, 0.528, -0.789, 1.537, 0.0)		0.0
(0.187, 0.518, 0.709, -0.783, 1.877, 0.0)		0.0
(2.708, 0.54, -0.143, -0.084, 0.139, 0.0)		0.0
(0.184, 0.702, 0.859, 1.858, 0.0, 1.0)		1.0
(0.588, 0.442, 2.201, 1.255, 1.27, 1.0)		1.0
(0.308, 1.214, 0.546, 0.307, 0.0, 0.0)		0.0
(0.362, 2.848, -0.601, 0.483, 0.694, 0.0)		0.0
(0.582, 3.252, -0.511, 0.702, -0.25, 0.0)		0.0
(0.273, 1.306, 2.321, -0.523, 0.519, 0.0)		0.0
(1.973, 1.482, -0.319, 0.222, -0.101, 0.0)		0.0
(0.422, 3.294, -0.51, -0.203, -0.133, 0.0)		0.0
(0.693, 1.99, -0.31, 0.179, -0.114, 0.0)		0.0
(1.099, 2.428, -0.398, -0.169, -0.112, 0.0)		0.0
(0.269, 1.497, 2.217, -0.727, 0.566, 0.0)		0.0
(0.488, 3.365, -0.445, 0.36, 0.689, 0.0)		0.0
(1.418, 1.756, -0.379, -0.132, 0.0, 0.0)		0.0
(0.208, 1.306, 1.854, -0.784, -0.537, 0.0)		0.0
(1.821, 1.432, 0.518, 0.343, 0.651, 0.0)		0.0
(2.628, 0.845, 0.402, 0.299, 0.703, 0.0)		0.0
(0.195, 1.537, 1.311, 0.581, 0.0, 0.0)		0.0
(1.473, 2.268, -0.362, 0.19, -0.181, 0.0)		0.0
(0.284, 1.945, 1.864, 0.609, 0.0, 0.0)		0.0
(1.166, 1.382, 1.907, 0.706, 0.375, 1.0)		0.0
(0.469, 3.172, -0.551, -0.226, -0.153, 0.0)		0.0
(0.62, 1.695, -0.579, -0.232, -0.163, 0.0)		0.0
(3.151, 0.54, 0.227, 0.216, -0.061, 0.0)		0.0
(1.781, 1.995, -0.36, -0.139, -0.105, 0.0)		0.0
(0.942, 1.88, 1.179, 0.719, 0.725, 0.0)		1.0
(0.243, 0.917, -0.659, 2.233, -1.078, 1.0)		1.0
(0.399, 0.824, 2.574, -0.686, 0.621, 0.0)		1.0
(1.046, 2.514, 0.865, 0.812, -0.214, 1.0)		1.0
(0.231, 2.251, -0.457, 0.322, -0.184, 0.0)		0.0
(0.224, 1.072, 2.294, -0.74, -0.456, 0.0)		0.0
(1.396, 2.01, -0.286, -0.156, -0.133, 0.0)		0.0
(1.179, 1.328, -0.231, -0.093, -0.064, 0.0)		0.0
(0.121, 0.575, 0.967, 0.943, 0.0, 1.0)		1.0
(3.256, 1.141, 0.356, 0.279, 0.132, 0.0)		0.0
(-0.221, 3.016, -0.621, -0.33, -0.171, 0.0)		0.0
(0.314, 2.256, 1.035, 0.564, 0.272, 0.0)		0.0
(0.539, 1.666, 1.935, 1.431, -0.431, 1.0)		1.0
(3.773, -0.306, -0.128, -0.087, -0.065, 0.0)		0.0
(0.106, 0.132, -0.145, 0.47, 0.892, 1.0)		0.0
(0.229, 0.452, 0.523, 1.469, 1.046, 0.0)		0.0
(0.626, 2.343, -0.449, -0.212, -0.12, 0.0)		0.0
(0.401, 2.322, -0.347, -0.164, -0.093, 0.0)		0.0
(0.679, 2.482, -0.57, -0.218, -0.115, 0.0)		0.0
(0.497, 2.586, -0.581, 0.292, -0.18, 0.0)		0.0
(0.232, 2.627, 0.687, 1.597, -0.482, 0.0)		0.0
(0.482, 2.126, 1.943, -0.484, -0.246, 0.0)		0.0
(3.139, 0.704, 0.245, 0.915, -0.227, 0.0)		0.0
(2.026, 1.547, -0.264, -0.085, 0.088, 0.0)		0.0
(0.992, 2.133, -0.294, -0.152, -0.11, 0.0)		0.0
(0.155, 0.773, 1.795, 1.076, 0.553, 0.0)		1.0
(0.116, 0.318, 0.43, 0.708, 1.304, 0.0)		0.0
(0.136, 0.214, 0.237, 0.45, 0.847, 1.0)		0.0
(3.568, -0.29, 0.157, -0.071, -0.044, 0.0)		0.0
(2.45, 1.212, -0.162, -0.081, 0.082, 0.0)		0.0
(0.741, 2.844, 0.937, 0.512, 0.602, 0.0)		0.0
(1.555, 2.057, -0.42, 0.286, 0.848, 0.0)		0.0
(1.471, 1.344, 0.444, 0.155, -0.226, 0.0)		0.0
(0.36, 2.56, -0.671, -0.568, 1.369, 0.0)		0.0
(0.127, 0.79, 2.136, -0.854, 0.0, 0.0)		0.0
(0.972, 1.955, -0.449, 0.295, 0.271, 0.0)		0.0
(0.364, 1.863, 2.606, -0.605, -0.248, 0.0)		0.0
(2.936, 0.788, -0.128, 0.093, 0.061, 0.0)		0.0
(1.229, 1.569, 0.535, 0.332, 0.285, 0.0)		0.0
(3.13, 0.54, 0.201, -0.067, -0.038, 0.0)		0.0
(1.586, 2.256, -0.352, 0.196, -0.224, 0.0)		0.0
(0.674, 1.174, 1.718, 0.622, -0.205, 0.0)		0.0
(0.473, 1.072, 2.299, 1.088, 0.91, 1.0)		1.0
(0.892, 1.534, -0.287, -0.118, -0.069, 0.0)		0.0
(0.174, 0.453, 0.97, 1.701, -0.601, 0.0)		0.0
(0.757, 2.97, -0.461, -0.192, 0.151, 0.0)		0.0
(0.538, 0.834, 2.371, -0.72, 0.73, 1.0)		1.0
(0.171, 1.122, 1.58, -0.47, -0.204, 0.0)		0.0
(1.496, 2.131, -0.356, -0.297, 0.746, 0.0)		0.0
(0.556, 1.231, 1.499, -0.436, 1.254, 1.0)		1.0
(1.634, 0.493, 0.12, 0.122, -0.173, 0.0)		0.0
(0.363, 0.44, 1.951, 1.01, 0.719, 1.0)		1.0
(0.473, 2.888, -0.448, -0.222, -0.158, 0.0)		0.0
(0.211, 1.473, 1.838, 0.714, 0.0, 0.0)		0.0
(1.782, 0.786, -0.151, 0.115, 0.081, 0.0)		0.0
(-0.064, 0.499, 0.744, 1.58, -0.992, 1.0)		1.0
(0.227, 0.987, 2.503, -0.842, 0.616, 0.0)		0.0
(2.503, 0.461, 0.21, 0.17, -0.065, 0.0)		0.0
(1.23, 1.569, 0.535, 0.332, 0.285, 0.0)		0.0
(0.42, 0.629, 2.321, -0.719, 0.917, 1.0)		1.0
(0.09, 0.324, 0.286, 0.468, -0.391, 0.0)		0.0
(0.113, 0.409, 0.382, 0.994, 1.09, 0.0)		0.0
(0.842, 2.641, -0.46, 0.229, -0.123, 0.0)		0.0
(0.661, 1.665, 1.079, -0.371, -0.159, 1.0)		0.0
(0.892, 0.6, 1.39, 1.399, 1.392, 1.0)		1.0
(1.141, 2.762, 0.885, 0.359, 0.0, 0.0)		0.0
(0.398, 1.769, 1.494, -0.521, -0.282, 0.0)		0.0
(0.479, 2.502, -0.599, 0.323, -0.15, 0.0)		0.0
(0.908, 0.896, 1.072, 0.937, -0.23, 1.0)		1.0
(0.881, 1.29, 1.726, 1.098, 0.834, 1.0)		1.0
(2.452, -0.211, 0.222, 0.166, -0.061, 0.0)		0.0
(2.039, 0.45, 0.138, 0.086, 0.072, 0.0)		0.0
(1.435, 2.509, 1.087, -0.212, -0.111, 1.0)		0.0
(1.052, 2.559, -0.349, -0.147, 0.173, 0.0)		0.0
(2.059, 1.344, -0.213, -0.103, -0.061, 0.0)		0.0
(0.143, 0.546, 0.624, 1.11, 0.548, 1.0)		1.0
(0.606, 2.024, 2.367, -0.615, -0.322, 0.0)		0.0
(3.046, 0.977, -0.226, 0.142, 0.246, 0.0)		0.0
(0.414, 2.374, 0.941, 0.511, -0.258, 0.0)		0.0
(0.273, 1.03, 1.515, 0.792, 0.411, 0.0)		1.0
(1.487, 1.554, 0.739, 0.305, 0.337, 0.0)		0.0
(0.223, 0.367, 0.57, 1.789, 1.503, 1.0)		0.0
(-0.139, 0.499, 0.678, 1.597, -1.029, 1.0)		1.0
(0.665, 2.476, 0.621, 1.359, -0.365, 0.0)		1.0
(0.394, 0.949, 2.304, 1.511, -0.516, 0.0)		0.0
(0.243, 1.116, 1.773, -0.575, 0.0, 0.0)		0.0
(0.3, 0.715, 0.781, 2.231, -1.148, 1.0)		0.0
(0.403, 0.357, 1.871, 1.133, -0.724, 1.0)		1.0
(1.047, 2.589, -0.447, -0.277, 0.942, 0.0)		0.0
(0.985, 1.684, -0.277, -0.146, 0.113, 0.0)		0.0
(0.734, 2.346, 1.115, -0.346, -0.17, 0.0)		0.0
(0.885, 0.328, 1.847, 0.751, 0.387, 1.0)		0.0
(0.155, 1.232, 0.554, 1.047, 1.079, 1.0)		1.0
(0.638, 3.104, -0.52, -0.249, -0.125, 0.0)		0.0
(0.245, 0.727, 1.122, 1.739, -0.781, 1.0)		1.0
(-0.426, -0.741, 1.046, -0.53, -0.32, 1.0)		0.0
(0.564, 2.68, 0.947, 0.763, 0.722, 1.0)		1.0
(0.205, 0.765, -0.71, 2.161, -0.94, 1.0)		1.0
(0.726, 2.701, 1.131, 0.416, -0.184, 0.0)		0.0
(0.129, 0.556, 1.314, 0.928, -0.413, 0.0)		1.0
(0.324, 0.712, 0.741, 1.91, -0.908, 1.0)		0.0
(0.197, 1.015, 0.616, 1.156, 0.0, 1.0)		1.0
(0.643, 2.529, 0.955, 0.423, 0.218, 0.0)		0.0
(2.32, 1.249, 0.329, 0.161, -0.075, 0.0)		0.0
(0.557, 2.494, -0.423, 0.309, 1.185, 0.0)		0.0
(0.109, 0.593, 1.242, 1.118, -0.446, 0.0)		1.0
(0.234, 0.758, 0.7, 1.06, 0.0, 1.0)		1.0
(1.284, 1.71, -0.321, 0.249, -0.181, 0.0)		0.0
(1.027, 0.82, 1.077, 1.064, 0.469, 1.0)		1.0
(0.584, 2.86, 0.78, 1.045, -0.379, 0.0)		1.0
(0.199, 1.02, 0.958, 1.156, 0.0, 0.0)		1.0
(0.55, 3.32, -0.606, 0.65, 0.875, 0.0)		0.0
(1.093, 1.612, -0.366, 0.529, 0.511, 0.0)		0.0
(0.214, 1.31, 1.792, -0.597, -0.244, 0.0)		0.0
(0.316, 1.224, 1.043, 0.494, -0.539, 0.0)		0.0
(0.662, 1.514, 1.835, 0.661, -0.229, 0.0)		0.0
(0.085, 0.296, 0.295, 0.552, 0.0, 0.0)		0.0
(2.078, 1.095, -0.145, 0.094, 0.084, 0.0)		0.0
(0.258, 0.378, 1.122, 1.364, -0.784, 1.0)		0.0
(1.107, 1.532, -0.338, -0.113, -0.081, 0.0)		0.0
(0.333, 0.427, 0.952, 2.152, -0.796, 0.0)		0.0
(0.6, 0.791, 2.006, 0.733, 0.348, 0.0)		0.0
(2.493, 0.322, 0.402, -0.096, -0.07, 0.0)		0.0
(0.987, 1.977, -0.433, 1.578, -0.482, 0.0)		0.0
(0.2, 0.684, 0.57, 2.185, -1.039, 1.0)		0.0
(0.693, 2.371, -0.586, 0.312, 0.159, 0.0)		0.0
(0.228, 0.845, 1.897, -0.56, -0.294, 0.0)		0.0
(0.47, 2.984, -0.535, 1.012, -0.351, 0.0)		0.0
(0.58, 3.393, -0.716, 0.41, -0.17, 0.0)		0.0
(0.083, 0.291, 0.288, 0.54, 0.0, 0.0)		0.0
(1.609, 2.165, -0.492, -0.547, 0.0, 0.0)		0.0
(3.66, 0.423, 0.357, 0.362, -0.11, 0.0)		0.0
(0.266, 1.268, 2.178, -0.809, 0.0, 0.0)		0.0
(0.315, 1.222, 2.196, -0.605, -0.437, 0.0)		0.0
(0.441, 0.596, 2.27, 0.923, 0.602, 1.0)		1.0
(0.442, 0.976, 2.113, -0.532, -0.387, 0.0)		0.0
(0.238, 0.899, 1.439, 2.113, 0.0, 0.0)		0.0
(1.126, 2.533, -0.339, 0.183, -0.11, 0.0)		0.0
(3.731, 0.623, -0.17, -0.083, -0.057, 0.0)		0.0
(1.801, 0.525, 0.163, 0.236, -0.124, 0.0)		0.0
(-0.104, 0.383, -0.446, 0.673, 0.845, 1.0)		0.0
(0.424, 2.375, 1.004, 0.523, 0.792, 0.0)		1.0
(0.264, 1.163, 1.833, -0.512, -0.233, 0.0)		0.0
(0.306, 0.593, 1.177, 0.805, 1.005, 1.0)		0.0
(3.632, 0.732, -0.163, -0.082, -0.056, 0.0)		0.0
(2.509, 0.294, 0.176, 0.214, -0.068, 0.0)		0.0
(1.304, 1.082, 0.306, 0.137, 0.104, 0.0)		0.0
(0.775, 1.66, 0.962, 0.452, 0.246, 0.0)		0.0
(1.91, 1.253, -0.21, -0.097, -0.062, 0.0)		0.0
(0.607, 1.628, 2.083, 0.694, -0.247, 1.0)		0.0
(1.262, 2.093, -0.414, 0.213, 0.166, 0.0)		0.0
(1.137, 0.603, 1.704, 0.636, -0.26, 1.0)		1.0
(0.902, 2.825, -0.413, -0.171, -0.128, 0.0)		0.0
(0.286, 1.386, 1.226, 0.468, 0.277, 0.0)		0.0
(0.36, 0.984, 1.417, 1.034, -0.364, 1.0)		1.0
(0.58, 3.166, -0.617, 0.386, -0.173, 0.0)		0.0
(0.295, 1.883, 1.139, 0.84, -0.434, 0.0)		0.0
(1.198, 2.258, 0.673, -0.462, 0.786, 0.0)		0.0
(0.158, 0.531, 0.944, 1.576, -0.531, 0.0)		1.0
(0.596, 2.869, -0.439, 0.242, 0.196, 0.0)		0.0
(2.76, 0.279, 0.185, 0.21, -0.075, 0.0)		0.0
(0.231, 0.541, 0.696, 1.579, 0.0, 1.0)		1.0
(0.704, 0.988, 1.688, 1.48, -1.12, 1.0)		1.0
(0.645, 0.607, 1.681, 0.867, 1.106, 1.0)		1.0
(1.163, 1.911, 0.643, -0.211, -0.202, 0.0)		0.0
(0.642, 2.01, 1.612, -0.395, 0.0, 0.0)		0.0
(0.349, 1.248, 2.225, -0.7, 0.49, 0.0)		0.0
(0.289, 0.806, 1.815, -0.756, -0.331, 0.0)		0.0
(0.352, 0.733, 2.174, 1.247, 1.489, 1.0)		1.0
(0.365, 0.526, 2.425, 0.918, 0.958, 1.0)		1.0
(0.493, 2.223, 1.209, 1.384, -0.442, 1.0)		0.0
(0.58, 1.03, 2.133, -0.391, 0.541, 0.0)		0.0
(1.471, 1.709, 1.006, 0.695, 1.08, 1.0)		0.0
(0.515, 1.152, 0.964, 1.276, 1.732, 1.0)		1.0
(0.228, 0.471, 1.647, 1.184, 0.705, 0.0)		0.0
(0.932, 2.3, -0.49, -0.202, 0.0, 0.0)		0.0
(0.832, 3.085, -0.599, 0.497, 0.314, 0.0)		0.0
(0.185, 0.509, 1.03, 1.872, -0.761, 0.0)		1.0
(0.634, 2.292, 0.884, -0.353, 0.193, 0.0)		0.0
(0.624, 1.283, 1.273, 0.79, 1.38, 1.0)		1.0
(2.473, 0.334, 0.206, 0.208, -0.063, 0.0)		0.0
(1.568, 1.363, 0.414, 0.156, 0.0, 0.0)		0.0
(3.517, 0.65, 0.376, 0.525, -0.132, 0.0)		0.0
(0.195, 0.454, 0.768, 0.713, 0.72, 1.0)		1.0
(1.141, 0.732, 0.151, 0.088, 0.089, 0.0)		0.0
(0.567, 0.908, 1.465, -0.616, -0.492, 1.0)		1.0
(0.11, 0.469, 0.73, 0.647, 0.0, 0.0)		1.0
(0.25, 0.849, 0.589, 1.753, 0.0, 1.0)		1.0
(0.504, 2.585, -0.577, 0.309, -0.158, 0.0)		0.0
(0.405, 0.866, 1.826, -0.591, -0.4, 0.0)		0.0
(3.561, -0.277, 0.179, -0.077, 0.066, 0.0)		0.0
(2.889, 0.336, -0.111, -0.075, 0.07, 0.0)		0.0
(0.959, 2.559, -0.49, 0.956, -0.299, 0.0)		0.0
(0.184, 0.556, 0.534, 1.136, 0.0, 1.0)		1.0
(0.265, 1.443, 0.83, 0.381, -0.14, 0.0)		0.0
(0.453, 1.694, 1.49, 0.667, 0.0, 0.0)		0.0
(0.347, 2.408, 0.624, 0.347, -0.311, 0.0)		0.0
(0.885, 1.789, 1.276, 1.406, -0.496, 1.0)		1.0
(1.364, 1.941, -0.341, -0.129, -0.075, 0.0)		0.0
(0.487, 2.897, -0.553, 0.567, 0.831, 1.0)		0.0
(0.892, 1.534, 0.287, 0.118, 0.069, 0.0)		0.0
(0.69, 0.606, 1.739, 1.305, 0.579, 1.0)		1.0
(2.234, 0.711, 0.395, -0.215, 0.438, 0.0)		0.0
(0.207, 0.729, 1.062, 1.448, -0.469, 0.0)		1.0
(0.465, 1.111, 0.827, 1.238, -0.55, 1.0)		1.0
(-0.091, 0.514, 0.864, 0.766, 0.643, 1.0)		0.0
(0.521, 2.947, 0.989, 0.445, 0.0, 0.0)		0.0
(-0.211, -0.514, 0.598, 1.065, 0.0, 0.0)		0.0
(0.181, 1.099, 0.81, 1.203, 0.0, 0.0)		1.0
(0.181, 0.678, 1.223, 1.745, -0.508, 1.0)		0.0
(0.55, 2.399, 1.564, -0.498, 0.0, 0.0)		0.0
(2.4, 0.627, 0.19, 0.172, -0.1, 0.0)		0.0
(0.301, 1.249, 2.831, -0.685, 0.0, 0.0)		0.0
(0.249, 0.468, 1.136, -1.116, 2.319, 1.0)		0.0
(0.26, 0.645, 0.769, 1.181, 0.0, 0.0)		1.0
(-0.059, 0.345, 0.581, -0.648, -1.246, 0.0)		0.0
(0.152, 0.428, 0.846, 2.32, -0.756, 0.0)		0.0
(1.274, 1.404, 0.394, 0.185, 0.119, 0.0)		0.0
(0.335, 1.506, 2.304, -0.684, 0.0, 0.0)		0.0
(0.895, 0.559, 1.321, 1.421, 1.516, 1.0)		1.0
(0.345, 2.885, -0.651, 0.618, 1.117, 0.0)		0.0
(0.177, 0.256, -0.164, 0.891, 1.044, 1.0)		0.0
(0.12, 0.342, 0.575, 2.155, -0.634, 0.0)		0.0
(0.195, 0.454, 0.768, 0.713, 0.72, 1.0)		1.0
(0.52, 3.048, 0.992, 0.453, 0.0, 0.0)		0.0
(0.591, 2.437, 1.02, -0.387, -0.174, 0.0)		0.0
(0.869, 1.714, 0.503, 0.308, -0.296, 0.0)		0.0
(1.631, 1.369, -0.275, 0.218, 0.161, 0.0)		0.0
(0.464, 3.041, -0.547, -0.242, -0.15, 0.0)		0.0
(0.248, 0.947, 2.06, -0.911, 1.519, 1.0)		1.0
(0.149, 0.661, 0.447, 0.296, 0.958, 1.0)		0.0
(1.825, 2.402, -0.333, -0.143, -0.097, 0.0)		0.0
(0.169, 0.397, 0.678, 1.654, -0.651, 0.0)		1.0
(2.196, 0.269, 0.513, 1.841, -0.528, 0.0)		0.0
(1.611, 2.175, 1.114, 0.548, -0.153, 0.0)		0.0
(0.917, 1.68, 0.577, 0.633, -0.2, 1.0)		0.0
(1.565, 2.359, -0.363, -0.156, 0.145, 0.0)		0.0
(0.564, 3.344, -0.606, 0.751, -0.27, 0.0)		0.0
(2.428, 0.981, 0.294, 0.24, 0.441, 0.0)		0.0
(2.039, 0.721, 0.256, 0.228, 0.507, 0.0)		0.0
(0.228, 0.46, 1.628, 1.282, 0.712, 0.0)		0.0
(3.056, 0.469, 1.166, -0.279, -0.105, 0.0)		0.0
(0.934, 2.115, 1.777, -0.421, 0.547, 0.0)		0.0
(0.66, 1.695, 0.99, -0.264, 0.15, 0.0)		0.0
(0.733, 0.594, 2.011, -0.693, 0.414, 1.0)		1.0
(0.288, 0.715, 1.059, 0.849, 0.0, 1.0)		1.0
(0.147, 0.696, 1.751, 0.0, 0.0, 0.0)		1.0
(0.137, 0.621, 1.369, 2.234, 0.0, 0.0)		0.0
(0.486, 2.345, 1.508, 0.674, 0.0, 0.0)		0.0
(2.406, -0.221, 0.216, 0.198, -0.067, 0.0)		0.0
(2.039, 0.855, 0.166, 0.124, 0.102, 0.0)		0.0
(0.388, 0.855, 2.533, -0.636, -0.546, 0.0)		0.0
(3.496, -0.273, 0.18, 0.11, -0.06, 0.0)		0.0
(0.477, 0.953, 1.616, -0.338, -0.166, 0.0)		0.0
(0.165, 0.496, 0.467, 0.781, 0.0, 0.0)		0.0
(0.713, 2.034, 1.0, 1.202, -0.379, 0.0)		0.0
(0.886, 1.913, -0.327, 0.195, -0.126, 0.0)		0.0
(0.643, 1.066, 2.15, 1.371, -0.557, 1.0)		1.0
(2.705, 0.539, -0.143, -0.084, 0.138, 0.0)		0.0
(0.074, 0.333, 0.421, -0.872, 2.377, 0.0)		0.0
(0.091, 0.283, 0.337, 0.456, 0.0, 0.0)		0.0
(1.458, 0.693, -0.129, 0.131, 0.118, 0.0)		0.0
(0.624, 2.416, 0.755, 0.399, -0.297, 0.0)		0.0
(-0.148, 1.243, 1.99, -0.757, 0.0, 0.0)		0.0
(2.217, 1.871, -0.387, 0.776, -0.223, 0.0)		0.0
(0.476, 2.54, -0.447, -0.222, 0.0, 0.0)		0.0
(0.337, 1.81, 1.486, -0.41, -0.259, 0.0)		0.0
(0.355, 1.988, 1.185, 0.51, -0.366, 1.0)		0.0
(0.331, 2.335, -0.436, 0.302, -0.117, 0.0)		0.0
(1.021, 0.494, 1.73, 0.887, -0.244, 1.0)		1.0
(0.214, 0.744, 0.912, 2.221, -1.086, 1.0)		1.0
(1.765, 1.217, -0.227, 0.195, 0.164, 0.0)		0.0
(0.4, 0.994, 2.373, -0.643, -0.369, 0.0)		0.0
(0.821, 1.984, -0.405, -0.147, 0.159, 0.0)		0.0
(0.796, 1.331, -0.325, -0.101, -0.062, 0.0)		0.0
(2.203, 1.252, 0.461, 0.438, -0.234, 0.0)		0.0
(0.686, 1.069, 1.181, 1.049, 1.84, 1.0)		1.0
(1.046, 1.131, 2.435, -0.497, -0.218, 1.0)		0.0
(0.403, 2.671, -0.537, 0.357, -0.154, 0.0)		0.0
(0.494, 2.247, 0.988, 1.177, -0.411, 1.0)		0.0
(0.146, 0.554, 0.714, 2.295, 0.0, 1.0)		0.0
(0.677, 1.848, -0.429, 0.329, -0.357, 0.0)		0.0
(-0.044, 0.19, -0.186, -0.344, -0.488, 1.0)		0.0
(-0.225, 2.158, -0.463, -0.259, 0.0, 0.0)		0.0
(1.064, -1.012, -0.546, 1.599, -0.583, 0.0)		0.0
(0.716, 1.75, 0.852, -0.226, 0.132, 0.0)		0.0
(0.44, 0.977, 2.731, 1.29, -0.413, 0.0)		0.0
(0.201, 0.734, 0.887, -0.34, 1.24, 1.0)		1.0
(2.18, 1.275, 0.459, 0.427, -0.234, 0.0)		0.0
(2.019, 0.887, 0.359, 0.312, 1.019, 0.0)		0.0
(0.475, 1.016, 1.403, 0.788, 1.902, 1.0)		1.0
(1.165, 0.903, 1.661, 0.648, -0.264, 1.0)		1.0
(0.486, 1.584, 1.699, -0.48, -0.233, 0.0)		0.0
(0.682, 1.98, 1.237, -0.433, -0.517, 0.0)		0.0
(0.139, 1.504, 1.462, -0.766, 0.0, 0.0)		0.0
(0.13, 0.56, 1.377, 1.336, -0.43, 0.0)		1.0
(0.269, 0.524, 0.711, -0.714, 0.0, 1.0)		0.0
(1.413, 2.811, 0.737, -0.216, -0.131, 0.0)		0.0
(0.181, 1.368, 1.869, -0.675, -0.421, 0.0)		0.0
(0.53, 0.257, 1.625, 0.905, -0.513, 1.0)		1.0
(0.316, 2.05, 1.632, 0.688, -0.285, 0.0)		0.0
(0.308, 1.441, 1.887, -0.593, 0.0, 0.0)		0.0
(0.669, 1.976, 1.71, -0.43, 0.0, 0.0)		0.0
(1.446, 1.401, -0.28, -0.119, 0.12, 0.0)		0.0
(0.147, 0.789, 0.396, 0.672, -0.934, 0.0)		0.0
(0.419, 1.303, 0.851, 0.463, -0.148, 0.0)		0.0
(3.527, -0.341, -0.112, -0.061, 0.066, 0.0)		0.0
(0.593, 3.003, -0.508, -0.201, -0.142, 0.0)		0.0
(0.387, 2.211, 0.643, 0.32, -0.136, 0.0)		0.0
(0.638, 3.104, -0.52, -0.249, -0.125, 0.0)		0.0
(0.65, 3.308, -0.468, -0.263, 0.6, 0.0)		0.0
(0.111, 0.332, 0.453, -0.514, -0.893, 0.0)		0.0
(1.102, 2.78, -0.438, -0.205, -0.135, 0.0)		0.0
(0.144, 0.888, 1.537, 1.646, -0.601, 0.0)		0.0
(2.544, 0.372, 0.3, -0.081, -0.054, 0.0)		0.0
(0.432, 1.071, 2.327, -0.592, -0.313, 0.0)		0.0
(0.269, 1.351, 2.031, -0.64, 0.0, 0.0)		0.0
(0.603, 3.191, -0.558, -0.27, -0.384, 0.0)		0.0
(0.203, 1.205, 2.009, -0.546, 0.0, 0.0)		0.0
(0.345, 1.368, 2.688, -0.692, -0.304, 0.0)		0.0
(0.8, 1.932, 1.979, -0.491, 0.318, 0.0)		0.0
(0.259, 0.688, 0.77, -1.048, 0.0, 0.0)		0.0
(0.709, 1.759, 0.786, -0.405, 1.618, 0.0)		0.0
(0.813, 2.42, 0.648, 0.476, 0.942, 0.0)		0.0
(3.399, 0.577, -0.143, -0.079, -0.047, 0.0)		0.0
(0.134, 0.329, 0.443, 1.537, 1.551, 0.0)		0.0
(0.378, 0.982, 2.602, -0.623, -0.331, 0.0)		0.0
(1.836, 0.925, 0.339, 0.195, -0.137, 0.0)		0.0
(0.65, 1.803, -0.366, -0.148, 0.0, 0.0)		0.0
(1.639, 1.796, -0.345, 0.406, 1.027, 0.0)		0.0
(0.444, 0.698, 2.216, 0.741, 0.647, 1.0)		1.0
(0.189, 1.314, 1.156, -0.469, 0.0, 0.0)		0.0
(1.204, 1.859, 0.475, 0.641, 0.666, 0.0)		0.0
(0.289, 1.29, 2.774, -0.784, -0.337, 0.0)		0.0
(0.431, 0.628, 1.293, 1.116, 2.116, 1.0)		1.0
(0.34, 2.16, -0.488, 0.361, 0.0, 0.0)		0.0
(2.603, 1.135, 1.02, 0.486, -0.139, 0.0)		0.0
(0.903, 2.229, -0.481, -0.194, -0.114, 0.0)		0.0
(0.323, 1.315, 3.058, -0.834, -0.44, 0.0)		0.0
(2.833, 0.582, -0.131, 0.178, 0.105, 0.0)		0.0
(1.036, 1.783, 0.375, 0.249, -0.15, 0.0)		0.0
(0.407, 1.041, 1.959, -0.535, -0.257, 0.0)		0.0
(0.275, 0.953, 2.482, 1.212, 0.904, 1.0)		0.0
(0.246, 0.477, 1.836, 0.926, 0.48, 0.0)		0.0
(0.705, 1.796, 1.078, -0.286, 0.215, 0.0)		0.0
(2.078, 0.918, 0.159, 0.126, 0.083, 0.0)		0.0
(3.065, 0.629, 0.355, -0.085, -0.062, 0.0)		0.0
(1.878, 0.892, 0.76, 1.61, -0.446, 0.0)		0.0
(1.302, 1.829, -0.383, -0.134, -0.102, 0.0)		0.0
(0.246, 0.603, 0.553, 1.518, 1.325, 0.0)		1.0
(0.383, 2.978, -0.561, 1.06, -0.35, 1.0)		0.0
(0.242, 0.395, 1.444, 1.722, 2.137, 1.0)		1.0
(0.274, 0.75, 0.942, 0.397, 0.78, 1.0)		1.0
(0.72, 2.762, 0.788, -0.221, -0.116, 0.0)		0.0
(0.226, 0.672, 1.4, 1.814, 0.0, 0.0)		0.0
(0.274, 0.76, 0.937, -0.404, 0.0, 1.0)		1.0
(0.546, 2.203, 2.094, -0.597, -0.295, 0.0)		0.0
(0.338, 1.216, 2.052, 0.729, -0.238, 0.0)		0.0
(0.092, 0.476, 0.321, 0.505, 0.998, 0.0)		0.0
(0.139, 0.582, 0.517, -0.638, 0.0, 1.0)		1.0
(1.556, 2.125, -0.371, -0.158, 0.155, 0.0)		0.0
(0.737, 2.989, 0.968, -0.351, 0.208, 0.0)		0.0
(1.039, 2.521, -0.385, -0.156, -0.107, 0.0)		0.0
(0.171, 0.958, 2.044, -0.762, -0.596, 0.0)		0.0
(2.365, 0.282, 0.158, 0.155, -0.059, 0.0)		0.0
(1.425, 1.819, -0.248, -0.135, 0.125, 0.0)		0.0
(1.499, 0.69, -0.089, -0.053, 0.039, 0.0)		0.0
(-0.137, 0.587, -1.131, -0.668, -0.544, 1.0)		1.0
(0.094, 0.382, 0.268, -0.469, 1.029, 0.0)		0.0
(0.226, 1.179, 0.639, 0.92, 1.018, 1.0)		1.0
(0.36, 0.797, 0.594, 1.179, 1.337, 1.0)		1.0
(0.185, 0.447, 1.278, 1.595, -0.632, 0.0)		0.0
(0.951, 0.414, 1.982, -0.634, 0.34, 1.0)		1.0
(0.066, 0.28, 0.417, -0.544, 0.0, 0.0)		0.0
(1.209, 1.761, -0.29, 0.176, -0.094, 0.0)		0.0
(0.714, 2.658, -0.467, 0.246, -0.159, 0.0)		0.0
(0.326, 2.129, -0.537, 0.353, 0.0, 0.0)		0.0
(-0.079, -0.329, 0.634, -0.597, 0.0, 1.0)		0.0
(0.185, 0.746, 1.31, 1.934, -0.782, 1.0)		0.0
(0.612, 2.418, 0.909, 0.425, 0.225, 0.0)		0.0
(1.107, 1.683, 1.012, 0.521, 0.316, 0.0)		0.0
(1.613, 2.71, -0.345, -0.185, 0.236, 0.0)		0.0
(0.219, 1.027, 2.399, -0.68, 0.0, 0.0)		0.0
(0.116, 0.477, 0.743, 0.758, 0.0, 1.0)		1.0
(0.141, 0.281, 0.457, 1.052, 1.666, 0.0)		0.0
(0.599, 0.585, 1.525, 0.809, 0.429, 1.0)		1.0
(1.013, 1.772, -0.324, 0.206, 0.137, 0.0)		0.0
(0.22, 1.013, 2.32, 1.102, -0.359, 0.0)		0.0
(0.597, 3.405, -0.607, 0.647, -0.192, 0.0)		0.0
(0.718, 0.574, 1.589, 1.189, 0.572, 0.0)		1.0
(0.556, 2.03, 0.841, -0.264, -0.257, 1.0)		0.0
(1.572, 2.779, -0.409, 0.265, 0.271, 0.0)		0.0
(0.252, 1.357, 0.976, -0.331, 0.216, 0.0)		0.0
(0.99, 2.66, -0.403, -0.164, 0.148, 0.0)		0.0
(0.106, 0.158, 0.101, 0.547, -0.672, 1.0)		0.0
(0.367, 0.768, 1.073, 1.582, -0.785, 1.0)		1.0
(2.817, 0.729, -0.147, 0.22, -0.088, 0.0)		0.0
(0.315, 1.503, 1.331, 0.369, -0.164, 0.0)		0.0
(0.162, 0.451, 0.517, 0.79, 0.0, 1.0)		0.0
(2.168, 1.537, 0.842, 0.709, -0.195, 0.0)		0.0
(2.699, -0.264, -0.105, 0.094, -0.049, 0.0)		0.0
(3.26, 0.431, 0.198, 0.124, 0.394, 0.0)		0.0
(0.255, 0.496, 1.861, 0.936, 0.456, 0.0)		0.0
(2.508, 1.436, 0.485, 0.158, 0.299, 0.0)		0.0
(0.251, 1.08, 2.079, -0.517, -0.262, 0.0)		0.0
(0.345, 1.708, 0.567, 0.246, 0.138, 0.0)		0.0
(1.266, 2.537, 0.85, 0.607, -0.201, 0.0)		1.0
(0.757, 2.007, -0.42, 0.268, -0.212, 0.0)		0.0
(2.17, -0.458, 0.274, 0.264, -0.124, 0.0)		0.0
(0.236, 0.368, 0.404, 1.22, 2.13, 0.0)		1.0
(0.125, 0.675, 0.405, -0.755, 0.0, 1.0)		1.0
(0.184, 1.246, 1.751, -0.499, -0.21, 0.0)		0.0
(0.762, 1.809, 0.869, 0.456, 0.298, 1.0)		0.0
(1.308, 2.352, 1.289, -0.325, -0.129, 1.0)		1.0
(0.231, 0.471, 1.191, 1.862, 0.899, 0.0)		0.0
(2.937, 0.357, 1.369, -0.287, -0.132, 0.0)		0.0
(0.09, 0.361, 0.63, -0.87, 0.0, 0.0)		0.0
(0.316, 1.008, 1.844, -0.54, -0.305, 0.0)		0.0
(0.254, 1.347, -0.268, -0.318, 0.438, 0.0)		0.0
(0.117, 0.557, 0.742, -1.242, 0.0, 1.0)		0.0
(1.846, 0.467, 0.155, 0.114, 0.107, 0.0)		0.0
(1.182, 2.344, -0.414, -0.178, -0.119, 0.0)		0.0
(1.198, 2.3, -0.462, -0.17, -0.106, 0.0)		0.0
(0.154, 0.643, 0.916, 2.048, -0.818, 1.0)		1.0
(0.443, 1.345, 1.675, 0.769, 0.708, 1.0)		1.0
(0.526, 2.17, -0.557, 0.348, 0.0, 0.0)		0.0
(0.356, 1.082, 2.255, -0.575, -0.644, 1.0)		1.0
(0.39, 1.961, 0.67, 0.452, 0.0, 0.0)		0.0
(0.665, 2.971, -0.438, 0.257, -0.125, 0.0)		0.0
(0.375, 2.21, 1.43, 1.029, 0.0, 0.0)		0.0
(-0.307, -1.153, -0.601, -0.277, -0.151, 0.0)		0.0
(0.725, 2.566, -0.518, -0.195, 0.0, 0.0)		0.0
(0.412, 1.283, 0.82, 0.425, -0.137, 0.0)		0.0
(0.815, 1.8, -0.29, 0.217, -0.304, 0.0)		0.0
(0.362, 2.421, -0.499, -0.284, -0.193, 0.0)		0.0
(-0.053, 4.32, -0.486, -0.243, -0.162, 0.0)		0.0
(1.181, 1.305, 0.7, 1.809, -0.498, 0.0)		0.0
(0.113, 0.47, 0.856, 0.597, -0.789, 1.0)		1.0
(0.312, 0.648, 0.364, 1.123, 0.634, 1.0)		1.0
(1.094, 2.253, -0.441, 0.33, 0.929, 0.0)		0.0
(0.405, 1.153, 2.333, -0.772, 0.0, 0.0)		0.0
(0.334, 2.68, -0.536, 1.172, -0.369, 1.0)		0.0
(0.143, 0.542, 1.313, 1.501, -0.864, 0.0)		0.0
(0.241, 0.511, 0.665, 2.272, -0.859, 0.0)		0.0
(1.02, 0.605, 1.869, 1.409, 0.756, 1.0)		1.0
(0.691, 2.636, -0.45, 0.243, -0.23, 0.0)		0.0
(0.829, 1.838, -0.381, 0.24, -0.269, 0.0)		0.0
(0.234, 0.727, 1.28, 0.778, 1.449, 1.0)		1.0
(0.499, 1.066, 1.695, 0.682, 0.402, 0.0)		0.0
(0.074, 0.307, 0.355, -0.594, 0.0, 0.0)		0.0
(0.245, 2.125, 1.012, 0.494, -0.247, 0.0)		0.0
(0.321, 2.368, -0.557, -0.297, -0.264, 0.0)		0.0
(0.542, 1.044, 1.083, -0.775, -1.045, 1.0)		1.0
(1.051, 2.749, -0.42, 0.301, 0.619, 0.0)		0.0
(0.309, 1.464, 1.893, -0.551, 0.0, 0.0)		0.0
(0.14, 0.295, 0.575, 1.349, 1.88, 1.0)		1.0
(0.412, 1.1, 1.979, -0.533, -0.241, 0.0)		0.0
(0.47, 1.373, 2.131, 1.264, -0.616, 1.0)		0.0
(0.555, 2.793, -0.465, -0.182, -0.125, 0.0)		0.0
(1.185, 2.24, -0.477, -0.171, 0.0, 0.0)		0.0
(1.325, 1.206, -0.296, -0.096, 0.075, 0.0)		0.0
(0.242, 0.555, 1.887, 1.59, -0.572, 0.0)		0.0
(3.15, 0.54, 0.227, 0.216, -0.061, 0.0)		0.0
(0.764, 2.524, 0.915, -0.32, -0.179, 0.0)		0.0
(0.609, 1.359, -0.747, -0.271, -0.193, 0.0)		0.0
(1.025, 2.404, -0.505, 0.259, 0.435, 0.0)		0.0
(0.092, 0.579, 0.617, 0.845, 0.0, 0.0)		0.0
(0.175, 0.548, -0.75, -1.084, 1.037, 1.0)		0.0
(0.38, 1.585, 0.644, -0.244, -0.128, 0.0)		0.0
(0.212, 0.746, 0.905, 0.393, 1.21, 1.0)		1.0
(0.179, 0.426, 0.679, 1.696, 0.0, 0.0)		1.0
(2.082, 1.934, -0.321, -0.1, 0.0, 0.0)		0.0
(0.104, 0.508, 1.077, 0.0, 0.0, 0.0)		0.0
(1.338, 1.555, 0.496, 0.517, 1.038, 0.0)		0.0
(0.089, 0.509, 0.626, 1.248, -0.478, 1.0)		1.0
(1.466, 1.697, 0.485, 0.283, -0.18, 0.0)		0.0
(0.456, 2.494, 1.208, 0.836, 0.0, 0.0)		0.0
(0.176, 0.438, 0.842, 2.42, -0.849, 0.0)		0.0
(0.586, 2.283, 1.34, -0.367, -0.168, 0.0)		0.0
(0.485, 1.094, 2.292, 1.109, 0.992, 1.0)		1.0
(0.617, 1.621, 1.972, -0.6, -0.258, 1.0)		0.0
(2.389, 1.318, 0.691, 0.912, -0.24, 0.0)		0.0
(0.762, 1.414, 1.483, -0.299, -0.313, 1.0)		1.0
(1.387, 0.812, 2.462, -0.564, -0.243, 1.0)		1.0
(0.672, 0.602, 0.686, 2.131, -0.569, 1.0)		1.0
(-0.632, -0.881, -0.966, -0.868, -0.486, 1.0)		0.0
(0.379, 0.911, 2.528, -0.584, 0.518, 0.0)		0.0
(0.89, 2.748, -0.415, -0.176, -0.121, 0.0)		0.0
(1.402, 0.892, 1.488, 1.384, -0.652, 1.0)		1.0
(0.727, 1.561, 0.564, 0.236, 0.214, 0.0)		0.0
(0.138, 0.65, 1.206, 1.528, 0.0, 1.0)		0.0
(0.805, 2.64, 0.795, -0.223, 0.13, 0.0)		0.0
(1.575, 1.624, 0.778, 0.398, 0.394, 0.0)		0.0
(0.312, 0.862, 1.637, -0.686, -0.423, 0.0)		0.0
(0.588, 2.574, 1.48, -0.412, -0.188, 0.0)		0.0
(0.062, 0.311, 0.418, -0.534, 0.0, 0.0)		0.0
(0.62, 1.855, -0.297, 0.241, 0.261, 0.0)		0.0
(0.284, 1.381, -0.306, -0.147, 0.116, 0.0)		0.0
(1.201, 1.655, 1.1, 0.458, -0.223, 1.0)		0.0
(0.683, -1.082, 1.528, -0.873, -0.347, 1.0)		0.0
(0.227, 0.878, 0.548, 1.898, 1.184, 1.0)		1.0
(0.705, 1.8, -0.386, -0.152, -0.086, 0.0)		0.0
(0.145, 0.895, 2.319, -0.761, -0.559, 0.0)		0.0
(0.299, 0.891, 1.871, -0.51, 0.0, 0.0)		0.0
(-0.966, 1.326, -0.329, -0.176, -0.15, 0.0)		0.0
(0.567, 0.671, 1.702, 1.233, 1.604, 1.0)		1.0
(0.245, 1.796, 2.114, -0.752, -0.257, 0.0)		0.0
(1.024, 2.403, -0.505, 0.258, 0.434, 0.0)		0.0
(2.547, 0.766, 0.293, 0.747, -0.234, 0.0)		0.0
(2.314, 1.351, 0.438, -0.138, -0.28, 0.0)		0.0
(2.182, 0.987, -0.164, 0.135, 0.106, 0.0)		0.0
(1.022, 2.181, 0.53, -0.223, 0.0, 0.0)		0.0
(1.909, 0.249, -0.08, 0.102, -0.07, 0.0)		0.0
(0.749, 2.499, 1.538, -0.428, -0.219, 0.0)		0.0
(0.278, 1.63, 1.856, 1.155, -0.379, 1.0)		1.0
(0.152, 0.582, 0.581, 1.101, -0.482, 1.0)		1.0
(3.239, 0.65, -0.139, -0.067, 0.058, 0.0)		0.0
(0.331, 2.978, -0.486, -0.233, -0.152, 0.0)		0.0
(1.854, 0.906, 0.339, 0.2, -0.32, 0.0)		0.0
(1.001, 1.491, -0.225, -0.094, 0.095, 0.0)		0.0
(0.599, 3.057, 0.933, 0.59, -0.255, 1.0)		0.0
(0.105, 0.495, 1.206, 2.321, 0.0, 0.0)		0.0
(0.059, 0.336, 0.767, -0.21, -0.307, 1.0)		0.0
(0.2, 0.561, 2.212, -0.644, 0.327, 0.0)		1.0
(0.583, 2.235, 1.159, 0.508, -0.177, 0.0)		0.0
(0.151, 1.008, 2.353, -0.777, 0.0, 0.0)		0.0
(0.264, 1.276, 2.683, -0.635, -0.376, 0.0)		0.0
(0.788, 2.617, 1.061, 0.653, 0.542, 1.0)		1.0
(0.359, 1.105, 2.39, -0.658, 0.947, 1.0)		0.0
(0.119, 0.614, 0.866, 2.237, -0.765, 1.0)		1.0
(0.801, 0.592, 2.047, -0.555, 0.367, 1.0)		1.0
(0.097, 0.434, 0.746, 0.0, 0.0, 1.0)		0.0
(0.103, 0.576, 0.331, 0.82, 0.0, 1.0)		1.0
(0.438, 3.131, -0.521, 0.324, 0.76, 0.0)		0.0
(0.249, 0.964, 2.085, 1.071, 0.0, 1.0)		0.0
(3.273, 0.301, 1.169, -0.223, -0.084, 0.0)		0.0
(2.441, 0.467, 0.25, -0.08, 0.071, 0.0)		0.0
(0.282, 1.08, 2.744, -0.726, 0.0, 0.0)		0.0
(0.441, 1.428, 2.168, -0.608, 0.412, 0.0)		0.0
(0.826, 0.824, -0.271, -0.182, -0.131, 0.0)		0.0
(0.302, 0.555, 0.595, 1.213, -0.873, 1.0)		1.0
(1.157, 0.855, 1.941, -0.668, -0.261, 0.0)		0.0
(1.218, 1.73, -0.246, -0.11, 0.099, 0.0)		0.0
(1.036, 2.038, -0.346, -0.127, 0.099, 0.0)		0.0
(0.838, 0.259, 1.82, 0.769, 0.429, 1.0)		0.0
(2.663, -0.253, -0.117, 0.111, 0.063, 0.0)		0.0
(0.987, 2.4, -0.491, -0.164, -0.109, 0.0)		0.0
(0.154, 0.52, 0.484, -0.534, 0.0, 0.0)		1.0
(0.56, 1.075, 0.915, 1.744, 1.669, 1.0)		1.0
(-0.098, 0.67, 1.582, -0.831, -0.387, 1.0)		0.0
(0.148, 1.153, 1.199, -0.34, -0.169, 0.0)		0.0
(0.365, 1.356, 0.965, 0.581, 0.381, 1.0)		0.0
(1.017, 1.215, 1.091, 0.409, 0.233, 1.0)		0.0
(0.029, -0.188, 0.383, 0.603, 0.0, 0.0)		0.0
(0.157, 0.511, 1.162, -0.406, 0.342, 1.0)		1.0
(1.295, 2.849, -0.41, 0.284, 0.382, 0.0)		0.0
(1.364, 0.808, 1.355, -0.511, -0.38, 1.0)		0.0
(0.579, 2.811, 0.758, 0.495, 0.699, 1.0)		0.0
(0.595, 2.984, -0.599, -0.252, -0.174, 0.0)		0.0
(1.977, 1.376, -0.303, 0.236, -0.095, 0.0)		0.0
(0.99, 2.775, 0.717, 0.833, -0.224, 0.0)		1.0
(0.141, 0.345, 0.36, 0.969, 1.855, 0.0)		0.0
(0.258, 1.188, 2.135, -0.667, -0.424, 1.0)		0.0
(1.869, 0.81, 0.206, 0.153, 0.105, 0.0)		0.0
(2.713, 0.666, 1.063, -0.273, -0.106, 0.0)		0.0
(0.087, 0.425, 1.102, 1.916, 0.0, 0.0)		0.0
(3.087, -0.304, 0.15, -0.072, 0.057, 0.0)		0.0
(0.287, 0.532, 0.697, 1.884, 0.0, 1.0)		1.0
(2.571, -0.235, 0.2, 0.137, -0.132, 0.0)		0.0
(0.12, 0.508, 0.883, -0.698, 0.0, 1.0)		0.0
(0.318, 0.911, 1.096, 1.985, 0.0, 1.0)		1.0
(0.384, 0.852, 0.76, 1.245, 0.0, 1.0)		1.0
(0.801, 2.874, 1.081, -0.359, 0.0, 0.0)		0.0
(2.173, 1.246, -0.185, 0.192, -0.071, 0.0)		0.0
(0.438, 0.442, 1.164, 1.157, 0.813, 0.0)		0.0
(0.211, 1.327, 2.243, -0.647, -0.297, 0.0)		0.0
(1.669, 1.822, -0.334, -0.116, -0.094, 0.0)		0.0
(3.078, 0.338, 0.198, 0.211, -0.089, 0.0)		0.0
(0.56, 2.19, 1.354, -0.512, -0.224, 0.0)		0.0
(1.311, 2.079, -0.433, 0.201, -0.252, 0.0)		0.0
(-0.784, 0.627, 0.475, -0.183, -0.185, 0.0)		1.0
(2.884, 1.03, 0.349, 0.219, -0.236, 0.0)		0.0
(1.214, 1.807, 1.98, -0.398, -0.16, 1.0)		1.0
(1.033, 2.488, -0.491, 0.28, 0.607, 0.0)		0.0
(2.01, 2.213, -0.519, 0.45, 0.285, 0.0)		0.0
(0.613, 2.804, 0.67, 0.927, 0.56, 1.0)		1.0
(0.249, 0.381, 0.719, 0.869, 0.708, 1.0)		1.0
(0.195, 0.587, 0.56, 1.021, 0.0, 1.0)		0.0
(0.348, 1.224, 1.643, 0.83, -0.406, 0.0)		0.0
(1.508, 1.749, 0.569, -0.174, 0.0, 0.0)		0.0
(0.463, 2.106, -0.409, -0.187, -0.098, 0.0)		0.0
(0.562, 1.013, 2.075, -0.383, 0.528, 0.0)		0.0
(0.455, 2.047, 0.878, 0.322, 0.0, 0.0)		0.0
(0.148, 0.435, 0.924, 2.222, -0.722, 0.0)		0.0
(0.495, 2.469, -0.708, -0.278, -0.148, 1.0)		0.0
(0.253, 1.762, 1.652, 1.081, -0.507, 0.0)		0.0
(0.623, 0.613, 1.414, 0.62, 0.507, 1.0)		1.0
(0.564, 2.68, 0.947, 0.763, 0.723, 1.0)		1.0
(0.187, 0.474, 0.548, 0.996, 0.0, 1.0)		0.0
(-0.079, 0.719, 1.372, 1.245, 0.819, 1.0)		1.0
(0.966, 2.286, -0.293, -0.149, -0.116, 0.0)		0.0
(0.257, 0.596, 1.601, -0.782, 2.308, 1.0)		1.0
(0.094, 0.342, 0.561, -0.223, -0.46, 0.0)		0.0
(0.235, 1.178, 2.537, -0.725, 1.184, 0.0)		0.0
(0.168, 1.108, 1.706, -0.483, -0.201, 0.0)		0.0
(0.199, 1.065, 0.664, 1.27, 0.0, 1.0)		1.0
(3.328, -0.317, 0.134, 0.095, 0.055, 0.0)		0.0
(0.374, 1.217, 1.518, 0.693, -0.502, 0.0)		0.0
(0.411, 1.587, 1.408, 0.585, -0.479, 0.0)		0.0
(1.141, 2.928, -0.455, -0.207, -0.138, 0.0)		0.0
(0.256, 1.233, 2.04, -0.547, -0.292, 1.0)		0.0
(0.39, 3.135, -0.582, 0.456, 0.664, 0.0)		0.0
(1.944, -0.434, -0.145, -0.079, -0.056, 0.0)		0.0
(0.603, 0.551, 1.518, 0.914, 0.517, 1.0)		1.0
(1.44, 2.132, -0.385, 0.249, 0.209, 0.0)		0.0
(2.007, 1.997, -0.478, -0.163, -0.101, 0.0)		0.0
(0.223, 0.395, 0.399, 1.208, 1.386, 0.0)		0.0
(0.337, 2.682, 0.701, 0.317, 0.194, 0.0)		0.0
(0.14, 0.351, 0.563, 0.552, 1.222, 0.0)		0.0
(1.446, 2.873, -0.521, -0.174, -0.115, 0.0)		0.0
(0.055, 0.205, 0.2, 0.486, 1.356, 0.0)		0.0
(0.322, 0.697, 0.758, 2.289, 2.125, 1.0)		1.0
(1.304, 2.43, 0.802, 0.643, -0.194, 0.0)		1.0
(1.898, 0.651, 0.157, 0.203, -0.124, 0.0)		0.0
(2.057, 0.308, -0.077, 0.071, -0.098, 0.0)		0.0
(-0.142, 0.501, -0.531, -1.14, 0.0, 1.0)		0.0
(2.164, 1.797, -0.364, 1.024, -0.274, 0.0)		0.0
(0.229, 1.112, 1.99, 1.062, 0.0, 0.0)		0.0
(2.617, 0.969, 0.279, -0.087, -0.056, 0.0)		0.0
(3.226, -0.214, 0.15, -0.075, 0.073, 0.0)		0.0
(0.173, 0.962, 0.788, 1.051, -0.38, 0.0)		0.0
(0.437, 1.43, 2.477, -0.573, 0.388, 1.0)		0.0
(0.442, 0.52, 1.071, 2.105, 0.0, 1.0)		1.0
(0.626, 2.386, -0.481, 0.321, -0.136, 0.0)		0.0
(-0.125, 1.264, 1.453, 0.575, 0.0, 0.0)		0.0
(2.089, 0.673, 0.148, 0.194, -0.138, 0.0)		0.0
(0.92, 1.932, 2.113, -0.448, -0.189, 1.0)		1.0
(0.515, 2.105, 1.592, -0.564, 0.0, 0.0)		0.0
(2.023, 1.543, -0.38, 0.199, -0.128, 0.0)		0.0
(0.271, 0.596, 1.637, 1.056, 0.0, 1.0)		0.0
(0.639, 2.275, 1.741, -0.418, -0.247, 0.0)		0.0
(0.584, 3.106, -0.421, 0.302, 0.848, 0.0)		0.0
(1.078, 2.567, -0.399, -0.188, -0.122, 0.0)		0.0
(0.337, 1.78, 2.348, -0.639, -0.286, 0.0)		0.0
(0.4, 1.334, 1.457, 1.883, 0.0, 1.0)		1.0
(0.135, 0.491, 0.384, -0.37, 1.116, 1.0)		1.0
(3.359, 0.476, 1.096, -0.264, -0.097, 0.0)		0.0
(0.699, 1.752, 1.249, -0.341, 0.0, 0.0)		0.0
(0.115, 0.375, 0.486, 1.742, 0.0, 0.0)		0.0
(3.553, -0.281, 0.17, -0.076, 0.062, 0.0)		0.0
(0.341, 1.523, -0.519, 0.373, -0.13, 0.0)		0.0
(0.404, 0.913, 2.575, 0.831, -0.295, 0.0)		0.0
(0.471, 0.782, 0.408, 1.563, -0.553, 1.0)		1.0
(0.299, 0.658, 1.639, 0.851, 0.706, 1.0)		0.0
(0.392, 0.937, 1.285, 1.256, 0.782, 1.0)		1.0
(0.21, 0.847, 1.963, -0.94, -0.732, 0.0)		0.0
(0.636, 1.279, -0.573, -0.331, -0.269, 1.0)		0.0
(0.693, 3.104, -0.387, 0.303, 0.78, 0.0)		0.0
(1.443, 1.953, 0.7, 0.559, 0.0, 1.0)		0.0
(1.092, 3.108, -0.643, -0.263, 0.162, 0.0)		0.0
(0.603, 0.722, 1.57, -0.392, 0.357, 1.0)		0.0
(1.386, 1.298, -0.23, 0.109, 0.095, 0.0)		0.0
(2.181, 1.505, 0.892, 0.698, -0.204, 0.0)		0.0
(0.516, 1.509, 2.2, 0.783, -0.478, 0.0)		0.0
(0.368, 1.5, 1.976, -0.459, -0.282, 0.0)		0.0
(0.447, 1.028, 1.955, -0.764, -0.406, 0.0)		0.0
(2.756, 0.266, 0.158, 0.194, -0.063, 0.0)		0.0
(1.298, 2.284, -0.325, -0.147, 0.19, 0.0)		0.0
(0.102, 0.596, 0.601, 0.842, 0.8, 0.0)		0.0
(1.92, 1.27, -0.247, 0.113, -0.065, 0.0)		0.0
(0.565, 1.975, -0.544, -0.264, -0.239, 0.0)		0.0
(1.517, 1.186, 0.444, 0.248, -0.18, 0.0)		0.0
(0.333, 1.453, 2.313, -0.639, 0.0, 0.0)		0.0
(3.232, 0.906, 0.491, 0.38, -0.121, 0.0)		0.0
(0.156, 0.416, 0.696, 2.056, -0.688, 1.0)		0.0
(0.633, 0.802, 2.23, -0.659, 0.0, 1.0)		0.0
(-0.106, -0.363, -0.401, 1.3, 0.0, 1.0)		0.0
(0.293, 1.106, 0.792, 2.263, -0.624, 1.0)		1.0
(0.211, 0.538, 0.841, 2.189, 0.0, 0.0)		1.0
(1.288, 0.722, 0.123, 0.095, 0.106, 0.0)		0.0
(2.723, 0.583, 0.284, -0.071, 0.089, 0.0)		0.0
(1.156, 1.86, -0.268, -0.115, -0.084, 0.0)		0.0
(0.653, 1.061, 2.321, 1.546, -0.401, 1.0)		1.0
(0.342, 2.176, -0.339, 0.294, -0.122, 0.0)		0.0
(1.508, 1.605, 0.657, 0.801, 0.942, 0.0)		0.0
(0.883, 1.942, -0.443, 1.609, -0.483, 0.0)		0.0
(0.254, 2.392, 0.689, 1.828, -0.544, 0.0)		0.0
(0.781, 1.25, 0.793, 0.383, 0.816, 1.0)		0.0
(1.031, 0.584, 1.866, 1.532, -0.671, 1.0)		1.0
(0.15, 0.933, 2.363, -0.742, -0.617, 0.0)		0.0
(0.137, 0.714, 1.35, 0.972, -0.63, 1.0)		1.0
